1 6358 Konf 1
2 2313 Konf 1
3 2413 Konf 1
4 677 Konf 1
5 850 Konf 1
6 1462 Konf 1
7 811 Konf 1
8 484 Konf 1
9 5450 Konf 1
10 438 Konf 1
11 362 Konf 1
12 194 Konf 1
13 340 Konf 1
14 291 Konf 1
15 172 Konf 1
16 212 Konf 1
17 576 Konf 1
18 221 Konf 1
19 300 Konf 1
20 214 Konf 1
21 234 Konf 1
22 947 Konf 1
1 6641 Konf 2
2 1566 Konf 2
3 1058 Konf 2
4 439 Konf 2
5 638 Konf 2
6 410 Konf 2
7 656 Konf 2
8 472 Konf 2
9 400 Konf 2
10 310 Konf 2
11 852 Konf 2
12 157 Konf 2
13 464 Konf 2
14 193 Konf 2
15 169 Konf 2
16 921 Konf 2
1 19617 Konf 3
2 9427 Konf 3
3 1113 Konf 3
4 1265 Konf 3
5 669 Konf 3
6 1254 Konf 3
7 1940 Konf 3
8 1266 Konf 3
9 1094 Konf 3
10 638 Konf 3
11 276 Konf 3
12 541 Konf 3
13 1965 Konf 3
14 629 Konf 3
15 1017 Konf 3
16 435 Konf 3
17 514 Konf 3
18 612 Konf 3
19 358 Konf 3
20 457 Konf 3
21 232 Konf 3
22 387 Konf 3
23 480 Konf 3
24 387 Konf 3
25 378 Konf 3
26 451 Konf 3
27 160 Konf 3
28 1213 Konf 3
1 17873 Konf 4
2 1382 Konf 4
3 1082 Konf 4
4 1415 Konf 4
5 677 Konf 4
6 1398 Konf 4
7 688 Konf 4
8 682 Konf 4
9 743 Konf 4
10 243 Konf 4
11 768 Konf 4
12 494 Konf 4
13 509 Konf 4
14 426 Konf 4
15 429 Konf 4
16 666 Konf 4
17 320 Konf 4
18 834 Konf 4
19 265 Konf 4
20 327 Konf 4
21 289 Konf 4
22 244 Konf 4
23 101 Konf 4
24 551 Konf 4
1 16892 Konf 5
2 1977 Konf 5
3 1049 Konf 5
4 595 Konf 5
5 580 Konf 5
6 639 Konf 5
7 538 Konf 5
8 578 Konf 5
9 468 Konf 5
10 276 Konf 5
11 980 Konf 5
12 229 Konf 5
13 328 Konf 5
14 310 Konf 5
15 513 Konf 5
16 195 Konf 5
17 492 Konf 5
18 75 Konf 5
19 226 Konf 5
20 233 Konf 5
21 96 Konf 5
22 111 Konf 5
23 200 Konf 5
24 276 Konf 5
25 281 Konf 5
26 488 Konf 5
1 24406 Konf 6
2 1673 Konf 6
3 2417 Konf 6
4 1107 Konf 6
5 416 Konf 6
6 813 Konf 6
7 1254 Konf 6
8 831 Konf 6
9 842 Konf 6
10 537 Konf 6
11 399 Konf 6
12 709 Konf 6
13 310 Konf 6
14 328 Konf 6
15 265 Konf 6
16 330 Konf 6
17 479 Konf 6
18 281 Konf 6
19 213 Konf 6
20 159 Konf 6
21 141 Konf 6
22 95 Konf 6
23 183 Konf 6
24 398 Konf 6
25 149 Konf 6
26 367 Konf 6
27 227 Konf 6
28 683 Konf 6
1 10487 Konf 7
2 1804 Konf 7
3 1366 Konf 7
4 1552 Konf 7
5 375 Konf 7
6 669 Konf 7
7 506 Konf 7
8 1730 Konf 7
9 313 Konf 7
10 698 Konf 7
11 457 Konf 7
12 469 Konf 7
13 323 Konf 7
14 138 Konf 7
15 208 Konf 7
16 71 Konf 7
17 139 Konf 7
18 132 Konf 7
19 156 Konf 7
20 245 Konf 7
21 230 Konf 7
22 103 Konf 7
23 591 Konf 7
24 677 Konf 7
1 14251 Konf 8
2 1480 Konf 8
3 1179 Konf 8
4 1206 Konf 8
5 2607 Konf 8
6 754 Konf 8
7 1087 Konf 8
8 360 Konf 8
9 954 Konf 8
10 344 Konf 8
11 819 Konf 8
12 266 Konf 8
13 243 Konf 8
14 443 Konf 8
15 353 Konf 8
16 148 Konf 8
17 212 Konf 8
18 266 Konf 8
19 471 Konf 8
20 352 Konf 8
21 600 Konf 8
22 721 Konf 8
23 505 Konf 8
24 1869 Konf 8
1 13137 Konf 9
2 1003 Konf 9
3 1398 Konf 9
4 1686 Konf 9
5 506 Konf 9
6 193 Konf 9
7 960 Konf 9
8 468 Konf 9
9 1085 Konf 9
10 790 Konf 9
11 1043 Konf 9
12 240 Konf 9
13 539 Konf 9
14 2480 Konf 9
15 398 Konf 9
16 211 Konf 9
17 111 Konf 9
18 294 Konf 9
19 324 Konf 9
20 761 Konf 9
1 12875 Konf 10
2 1638 Konf 10
3 720 Konf 10
4 556 Konf 10
5 1025 Konf 10
6 670 Konf 10
7 475 Konf 10
8 637 Konf 10
9 315 Konf 10
10 1317 Konf 10
11 294 Konf 10
12 455 Konf 10
13 341 Konf 10
14 288 Konf 10
15 319 Konf 10
16 511 Konf 10
1 12079 Konf 11
2 3463 Konf 11
3 1490 Konf 11
4 979 Konf 11
5 443 Konf 11
6 1126 Konf 11
7 763 Konf 11
8 858 Konf 11
9 682 Konf 11
10 294 Konf 11
11 646 Konf 11
12 477 Konf 11
13 458 Konf 11
14 273 Konf 11
15 206 Konf 11
16 273 Konf 11
17 421 Konf 11
18 132 Konf 11
19 546 Konf 11
20 322 Konf 11
21 378 Konf 11
22 745 Konf 11
1 11709 Konf 12
2 2614 Konf 12
3 1239 Konf 12
4 550 Konf 12
5 1113 Konf 12
6 452 Konf 12
7 1006 Konf 12
8 366 Konf 12
9 466 Konf 12
10 639 Konf 12
11 306 Konf 12
12 306 Konf 12
13 380 Konf 12
14 305 Konf 12
15 291 Konf 12
16 592 Konf 12
1 36428 Konf 13
2 2927 Konf 13
3 845 Konf 13
4 846 Konf 13
5 1210 Konf 13
6 402 Konf 13
7 640 Konf 13
8 524 Konf 13
9 1397 Konf 13
10 371 Konf 13
11 544 Konf 13
12 381 Konf 13
13 500 Konf 13
14 151 Konf 13
15 331 Konf 13
16 324 Konf 13
17 206 Konf 13
18 309 Konf 13
19 186 Konf 13
20 165 Konf 13
21 521 Konf 13
22 212 Konf 13
23 133 Konf 13
24 197 Konf 13
25 175 Konf 13
26 891 Konf 13
1 12889 Konf 14
2 1394 Konf 14
3 846 Konf 14
4 990 Konf 14
5 703 Konf 14
6 393 Konf 14
7 669 Konf 14
8 355 Konf 14
9 2778 Konf 14
10 525 Konf 14
11 251 Konf 14
12 368 Konf 14
13 577 Konf 14
14 1102 Konf 14
15 257 Konf 14
16 414 Konf 14
17 416 Konf 14
18 124 Konf 14
19 64 Konf 14
20 632 Konf 14
1 10908 Konf 15
2 3166 Konf 15
3 1179 Konf 15
4 871 Konf 15
5 405 Konf 15
6 981 Konf 15
7 688 Konf 15
8 525 Konf 15
9 766 Konf 15
10 555 Konf 15
11 830 Konf 15
12 387 Konf 15
13 435 Konf 15
14 616 Konf 15
15 302 Konf 15
16 647 Konf 15
1 9099 Konf 16
2 1173 Konf 16
3 1450 Konf 16
4 1489 Konf 16
5 843 Konf 16
6 555 Konf 16
7 700 Konf 16
8 166 Konf 16
9 308 Konf 16
10 834 Konf 16
11 295 Konf 16
12 319 Konf 16
13 239 Konf 16
14 214 Konf 16
15 148 Konf 16
16 119 Konf 16
17 161 Konf 16
18 283 Konf 16
19 371 Konf 16
20 639 Konf 16
1 8817 Konf 17
2 1996 Konf 17
3 1063 Konf 17
4 944 Konf 17
5 985 Konf 17
6 756 Konf 17
7 699 Konf 17
8 337 Konf 17
9 417 Konf 17
10 472 Konf 17
11 153 Konf 17
12 418 Konf 17
13 185 Konf 17
14 407 Konf 17
15 602 Konf 17
16 290 Konf 17
17 513 Konf 17
18 670 Konf 17
1 11567 Konf 18
2 1861 Konf 18
3 925 Konf 18
4 1525 Konf 18
5 1478 Konf 18
6 495 Konf 18
7 1347 Konf 18
8 428 Konf 18
9 737 Konf 18
10 713 Konf 18
11 499 Konf 18
12 904 Konf 18
13 611 Konf 18
14 284 Konf 18
15 343 Konf 18
16 942 Konf 18
17 207 Konf 18
18 581 Konf 18
19 426 Konf 18
20 424 Konf 18
21 553 Konf 18
22 947 Konf 18
23 517 Konf 18
24 1076 Konf 18
1 60385 Konf 19
2 9634 Konf 19
3 5899 Konf 19
4 3303 Konf 19
5 1509 Konf 19
6 1097 Konf 19
7 2339 Konf 19
8 2031 Konf 19
9 635 Konf 19
10 1225 Konf 19
11 765 Konf 19
12 1045 Konf 19
13 492 Konf 19
14 236 Konf 19
15 756 Konf 19
16 944 Konf 19
17 1012 Konf 19
18 288 Konf 19
19 488 Konf 19
20 601 Konf 19
21 494 Konf 19
22 460 Konf 19
23 814 Konf 19
24 263 Konf 19
25 316 Konf 19
26 193 Konf 19
27 226 Konf 19
28 973 Konf 19
29 235 Konf 19
30 265 Konf 19
31 85 Konf 19
32 518 Konf 19
33 409 Konf 19
34 203 Konf 19
35 249 Konf 19
36 156 Konf 19
37 165 Konf 19
38 888 Konf 19
39 729 Konf 19
40 1518 Konf 19
1 14869 Konf 20
2 3770 Konf 20
3 1282 Konf 20
4 9724 Konf 20
5 543 Konf 20
6 349 Konf 20
7 1546 Konf 20
8 398 Konf 20
9 1249 Konf 20
10 526 Konf 20
11 251 Konf 20
12 416 Konf 20
13 629 Konf 20
14 634 Konf 20
15 236 Konf 20
16 226 Konf 20
17 336 Konf 20
18 333 Konf 20
19 265 Konf 20
20 248 Konf 20
21 166 Konf 20
22 230 Konf 20
23 386 Konf 20
24 1063 Konf 20
1 14526 Konf 21
2 1249 Konf 21
3 559 Konf 21
4 620 Konf 21
5 743 Konf 21
6 781 Konf 21
7 502 Konf 21
8 537 Konf 21
9 238 Konf 21
10 391 Konf 21
11 180 Konf 21
12 139 Konf 21
13 667 Konf 21
14 277 Konf 21
15 210 Konf 21
16 424 Konf 21
17 393 Konf 21
18 138 Konf 21
1 12579 Konf 22
2 4749 Konf 22
3 644 Konf 22
4 883 Konf 22
5 1250 Konf 22
6 553 Konf 22
7 894 Konf 22
8 827 Konf 22
9 645 Konf 22
10 216 Konf 22
11 251 Konf 22
12 133 Konf 22
13 408 Konf 22
14 232 Konf 22
15 185 Konf 22
16 168 Konf 22
17 271 Konf 22
18 160 Konf 22
19 202 Konf 22
20 626 Konf 22
21 316 Konf 22
22 423 Konf 22
1 31148 Konf 23
2 3639 Konf 23
3 1010 Konf 23
4 1231 Konf 23
5 366 Konf 23
6 842 Konf 23
7 593 Konf 23
8 399 Konf 23
9 293 Konf 23
10 2451 Konf 23
11 477 Konf 23
12 349 Konf 23
13 459 Konf 23
14 332 Konf 23
15 371 Konf 23
16 320 Konf 23
17 365 Konf 23
18 478 Konf 23
19 222 Konf 23
20 308 Konf 23
21 187 Konf 23
22 165 Konf 23
23 409 Konf 23
24 217 Konf 23
25 128 Konf 23
26 455 Konf 23
27 53 Konf 23
28 251 Konf 23
29 318 Konf 23
30 764 Konf 23
1 22639 Konf 24
2 1772 Konf 24
3 1723 Konf 24
4 971 Konf 24
5 915 Konf 24
6 809 Konf 24
7 508 Konf 24
8 262 Konf 24
9 580 Konf 24
10 317 Konf 24
11 365 Konf 24
12 376 Konf 24
13 510 Konf 24
14 565 Konf 24
15 287 Konf 24
16 190 Konf 24
17 135 Konf 24
18 287 Konf 24
19 283 Konf 24
20 336 Konf 24
21 141 Konf 24
22 150 Konf 24
23 212 Konf 24
24 276 Konf 24
25 110 Konf 24
26 390 Konf 24
27 195 Konf 24
28 903 Konf 24
1 14918 Konf 25
2 6126 Konf 25
3 661 Konf 25
4 1412 Konf 25
5 843 Konf 25
6 1234 Konf 25
7 1168 Konf 25
8 827 Konf 25
9 1384 Konf 25
10 294 Konf 25
11 382 Konf 25
12 451 Konf 25
13 548 Konf 25
14 745 Konf 25
15 365 Konf 25
16 294 Konf 25
17 175 Konf 25
18 289 Konf 25
19 231 Konf 25
20 2008 Konf 25
21 1294 Konf 25
22 528 Konf 25
23 489 Konf 25
24 1487 Konf 25
1 19334 Konf 26
2 2313 Konf 26
3 2255 Konf 26
4 1195 Konf 26
5 1808 Konf 26
6 944 Konf 26
7 1187 Konf 26
8 927 Konf 26
9 797 Konf 26
10 800 Konf 26
11 571 Konf 26
12 908 Konf 26
13 729 Konf 26
14 587 Konf 26
15 827 Konf 26
16 578 Konf 26
17 687 Konf 26
18 1214 Konf 26
19 412 Konf 26
20 212 Konf 26
21 464 Konf 26
22 414 Konf 26
23 495 Konf 26
24 464 Konf 26
25 475 Konf 26
26 165 Konf 26
27 503 Konf 26
28 1099 Konf 26
1 14893 Konf 27
2 2026 Konf 27
3 1474 Konf 27
4 1168 Konf 27
5 802 Konf 27
6 601 Konf 27
7 3118 Konf 27
8 551 Konf 27
9 352 Konf 27
10 678 Konf 27
11 425 Konf 27
12 563 Konf 27
13 458 Konf 27
14 294 Konf 27
15 206 Konf 27
16 382 Konf 27
1 10275 Konf 28
2 1638 Konf 28
3 927 Konf 28
4 634 Konf 28
5 751 Konf 28
6 382 Konf 28
7 285 Konf 28
8 972 Konf 28
9 384 Konf 28
10 179 Konf 28
11 135 Konf 28
12 156 Konf 28
1 13878 Konf 29
2 1426 Konf 29
3 1758 Konf 29
4 1189 Konf 29
5 514 Konf 29
6 1119 Konf 29
7 387 Konf 29
8 1108 Konf 29
9 1177 Konf 29
10 298 Konf 29
11 481 Konf 29
12 499 Konf 29
13 237 Konf 29
14 281 Konf 29
15 239 Konf 29
16 452 Konf 29
17 235 Konf 29
18 836 Konf 29
1 10279 Konf 30
2 3307 Konf 30
3 1753 Konf 30
4 929 Konf 30
5 1268 Konf 30
6 483 Konf 30
7 408 Konf 30
8 876 Konf 30
9 637 Konf 30
10 767 Konf 30
11 225 Konf 30
12 309 Konf 30
13 300 Konf 30
14 573 Konf 30
15 348 Konf 30
16 199 Konf 30
17 401 Konf 30
18 877 Konf 30
1 22191 Konf 31
2 1015 Konf 31
3 1228 Konf 31
4 798 Konf 31
5 393 Konf 31
6 628 Konf 31
7 525 Konf 31
8 740 Konf 31
9 546 Konf 31
10 447 Konf 31
11 428 Konf 31
12 341 Konf 31
13 496 Konf 31
14 995 Konf 31
15 229 Konf 31
16 462 Konf 31
17 167 Konf 31
18 246 Konf 31
19 659 Konf 31
20 200 Konf 31
21 247 Konf 31
22 148 Konf 31
23 301 Konf 31
24 986 Konf 31
1 11421 Konf 32
2 1615 Konf 32
3 839 Konf 32
4 473 Konf 32
5 1275 Konf 32
6 834 Konf 32
7 568 Konf 32
8 477 Konf 32
9 559 Konf 32
10 300 Konf 32
11 741 Konf 32
12 311 Konf 32
13 465 Konf 32
14 406 Konf 32
15 354 Konf 32
16 68 Konf 32
17 273 Konf 32
18 671 Konf 32
1 22158 Konf 33
2 1248 Konf 33
3 722 Konf 33
4 1003 Konf 33
5 623 Konf 33
6 221 Konf 33
7 370 Konf 33
8 526 Konf 33
9 520 Konf 33
10 620 Konf 33
11 632 Konf 33
12 261 Konf 33
13 400 Konf 33
14 452 Konf 33
15 276 Konf 33
16 265 Konf 33
17 459 Konf 33
18 472 Konf 33
19 68 Konf 33
20 186 Konf 33
21 137 Konf 33
22 282 Konf 33
23 294 Konf 33
24 127 Konf 33
25 277 Konf 33
26 77 Konf 33
27 150 Konf 33
28 147 Konf 33
29 132 Konf 33
30 162 Konf 33
31 273 Konf 33
32 355 Konf 33
1 7450 Konf 34
2 1403 Konf 34
3 1071 Konf 34
4 789 Konf 34
5 628 Konf 34
6 948 Konf 34
7 281 Konf 34
8 676 Konf 34
9 410 Konf 34
10 531 Konf 34
1 10919 Konf 35
2 1714 Konf 35
3 1399 Konf 35
4 932 Konf 35
5 765 Konf 35
6 558 Konf 35
7 1377 Konf 35
8 428 Konf 35
9 610 Konf 35
10 704 Konf 35
11 315 Konf 35
12 714 Konf 35
1 15000 Konf 36
2 1494 Konf 36
3 1494 Konf 36
4 1359 Konf 36
5 1017 Konf 36
6 1083 Konf 36
7 725 Konf 36
8 725 Konf 36
9 745 Konf 36
10 329 Konf 36
11 1496 Konf 36
12 271 Konf 36
13 971 Konf 36
14 226 Konf 36
15 636 Konf 36
16 344 Konf 36
17 123 Konf 36
18 656 Konf 36
19 464 Konf 36
20 1019 Konf 36
1 8045 Konf 37
2 3520 Konf 37
3 1151 Konf 37
4 1144 Konf 37
5 823 Konf 37
6 1428 Konf 37
7 791 Konf 37
8 780 Konf 37
9 737 Konf 37
10 421 Konf 37
11 376 Konf 37
12 194 Konf 37
13 439 Konf 37
14 348 Konf 37
15 346 Konf 37
16 263 Konf 37
17 395 Konf 37
18 2609 Konf 37
1 10739 Konf 38
2 1559 Konf 38
3 1725 Konf 38
4 1496 Konf 38
5 1207 Konf 38
6 1601 Konf 38
7 936 Konf 38
8 445 Konf 38
9 687 Konf 38
10 1467 Konf 38
11 347 Konf 38
12 914 Konf 38
1 16532 Konf 39
2 1448 Konf 39
3 1329 Konf 39
4 1771 Konf 39
5 1177 Konf 39
6 784 Konf 39
7 3834 Konf 39
8 672 Konf 39
9 923 Konf 39
10 424 Konf 39
11 425 Konf 39
12 419 Konf 39
13 857 Konf 39
14 584 Konf 39
15 268 Konf 39
16 189 Konf 39
17 776 Konf 39
18 214 Konf 39
19 249 Konf 39
20 1149 Konf 39
1 7263 Konf 40
2 801 Konf 40
3 1565 Konf 40
4 672 Konf 40
5 1081 Konf 40
6 265 Konf 40
7 455 Konf 40
8 386 Konf 40
9 528 Konf 40
10 233 Konf 40
11 311 Konf 40
12 973 Konf 40
13 281 Konf 40
14 165 Konf 40
15 466 Konf 40
16 814 Konf 40
1 11567 Konf 41
2 2872 Konf 41
3 1680 Konf 41
4 1425 Konf 41
5 1450 Konf 41
6 618 Konf 41
7 1158 Konf 41
8 311 Konf 41
9 1824 Konf 41
10 532 Konf 41
11 479 Konf 41
12 601 Konf 41
13 1697 Konf 41
14 327 Konf 41
15 380 Konf 41
16 217 Konf 41
17 320 Konf 41
18 264 Konf 41
19 492 Konf 41
20 351 Konf 41
21 139 Konf 41
22 1028 Konf 41
1 33269 PiS 1
2 46171 PiS 1
3 22481 PiS 1
4 23834 PiS 1
5 12868 PiS 1
6 8930 PiS 1
7 3284 PiS 1
8 3361 PiS 1
9 3167 PiS 1
10 4876 PiS 1
11 3293 PiS 1
12 3161 PiS 1
13 2978 PiS 1
14 1327 PiS 1
15 818 PiS 1
16 1427 PiS 1
17 741 PiS 1
18 723 PiS 1
19 734 PiS 1
20 1553 PiS 1
21 530 PiS 1
22 352 PiS 1
23 1787 PiS 1
24 1699 PiS 1
1 58426 PiS 2
2 10688 PiS 2
3 6354 PiS 2
4 3683 PiS 2
5 8049 PiS 2
6 3561 PiS 2
7 3931 PiS 2
8 2696 PiS 2
9 2834 PiS 2
10 978 PiS 2
11 1505 PiS 2
12 1647 PiS 2
13 964 PiS 2
14 1819 PiS 2
15 3425 PiS 2
16 4168 PiS 2
1 91236 PiS 3
2 15166 PiS 3
3 15537 PiS 3
4 19413 PiS 3
5 6342 PiS 3
6 3799 PiS 3
7 12857 PiS 3
8 14716 PiS 3
9 7863 PiS 3
10 3003 PiS 3
11 6300 PiS 3
12 6512 PiS 3
13 2844 PiS 3
14 2219 PiS 3
15 977 PiS 3
16 1060 PiS 3
17 1414 PiS 3
18 912 PiS 3
19 1979 PiS 3
20 1160 PiS 3
21 493 PiS 3
22 444 PiS 3
23 762 PiS 3
24 536 PiS 3
25 1110 PiS 3
26 890 PiS 3
27 2923 PiS 3
28 4448 PiS 3
1 60132 PiS 4
2 30053 PiS 4
3 10418 PiS 4
4 12414 PiS 4
5 13305 PiS 4
6 2514 PiS 4
7 6469 PiS 4
8 9432 PiS 4
9 2550 PiS 4
10 1285 PiS 4
11 3645 PiS 4
12 1795 PiS 4
13 1547 PiS 4
14 1160 PiS 4
15 1201 PiS 4
16 964 PiS 4
17 834 PiS 4
18 797 PiS 4
19 1027 PiS 4
20 2224 PiS 4
21 814 PiS 4
22 318 PiS 4
23 1093 PiS 4
24 1559 PiS 4
1 76267 PiS 5
2 5413 PiS 5
3 11130 PiS 5
4 15200 PiS 5
5 9444 PiS 5
6 15305 PiS 5
7 2623 PiS 5
8 10984 PiS 5
9 1464 PiS 5
10 12293 PiS 5
11 729 PiS 5
12 1154 PiS 5
13 3885 PiS 5
14 1559 PiS 5
15 1553 PiS 5
16 1332 PiS 5
17 441 PiS 5
18 333 PiS 5
19 625 PiS 5
20 2821 PiS 5
21 898 PiS 5
22 1028 PiS 5
23 1043 PiS 5
24 515 PiS 5
25 283 PiS 5
26 4326 PiS 5
1 54915 PiS 6
2 87343 PiS 6
3 14446 PiS 6
4 28381 PiS 6
5 7103 PiS 6
6 9764 PiS 6
7 8406 PiS 6
8 15544 PiS 6
9 5672 PiS 6
10 10286 PiS 6
11 5777 PiS 6
12 4263 PiS 6
13 6020 PiS 6
14 13777 PiS 6
15 4570 PiS 6
16 4898 PiS 6
17 1163 PiS 6
18 1028 PiS 6
19 1357 PiS 6
20 1645 PiS 6
21 5559 PiS 6
22 1375 PiS 6
23 543 PiS 6
24 750 PiS 6
25 961 PiS 6
26 814 PiS 6
27 597 PiS 6
28 1573 PiS 6
29 1951 PiS 6
30 12803 PiS 6
1 91241 PiS 7
2 24346 PiS 7
3 16017 PiS 7
4 8622 PiS 7
5 10207 PiS 7
6 15070 PiS 7
7 7436 PiS 7
8 4128 PiS 7
9 2647 PiS 7
10 6007 PiS 7
11 2918 PiS 7
12 2212 PiS 7
13 7785 PiS 7
14 5211 PiS 7
15 2180 PiS 7
16 4412 PiS 7
17 2936 PiS 7
18 1945 PiS 7
19 1150 PiS 7
20 3647 PiS 7
21 755 PiS 7
22 2882 PiS 7
23 1261 PiS 7
24 13787 PiS 7
1 36073 PiS 8
2 27393 PiS 8
3 22729 PiS 8
4 10918 PiS 8
5 8057 PiS 8
6 1928 PiS 8
7 3247 PiS 8
8 2901 PiS 8
9 4180 PiS 8
10 3271 PiS 8
11 1312 PiS 8
12 1466 PiS 8
13 4951 PiS 8
14 794 PiS 8
15 4280 PiS 8
16 1120 PiS 8
17 1206 PiS 8
18 1472 PiS 8
19 1131 PiS 8
20 3224 PiS 8
21 326 PiS 8
22 826 PiS 8
23 1122 PiS 8
24 6261 PiS 8
1 43626 PiS 9
2 6833 PiS 9
3 50114 PiS 9
4 3420 PiS 9
5 2092 PiS 9
6 4662 PiS 9
7 5735 PiS 9
8 3202 PiS 9
9 1845 PiS 9
10 646 PiS 9
11 752 PiS 9
12 771 PiS 9
13 1821 PiS 9
14 525 PiS 9
15 292 PiS 9
16 1158 PiS 9
17 1316 PiS 9
18 343 PiS 9
19 694 PiS 9
20 6884 PiS 9
1 31280 PiS 10
2 25575 PiS 10
3 27254 PiS 10
4 20451 PiS 10
5 5439 PiS 10
6 18238 PiS 10
7 8139 PiS 10
8 7272 PiS 10
9 4169 PiS 10
10 11599 PiS 10
11 3571 PiS 10
12 1728 PiS 10
13 6724 PiS 10
14 9432 PiS 10
15 1526 PiS 10
16 2725 PiS 10
17 3630 PiS 10
18 5906 PiS 10
1 45823 PiS 11
2 34056 PiS 11
3 17923 PiS 11
4 13030 PiS 11
5 10770 PiS 11
6 20752 PiS 11
7 25246 PiS 11
8 13392 PiS 11
9 9147 PiS 11
10 4181 PiS 11
11 3254 PiS 11
12 2576 PiS 11
13 1361 PiS 11
14 3797 PiS 11
15 2155 PiS 11
16 1229 PiS 11
17 1979 PiS 11
18 1075 PiS 11
19 1420 PiS 11
20 804 PiS 11
21 563 PiS 11
22 663 PiS 11
23 5574 PiS 11
24 8475 PiS 11
1 46816 PiS 12
2 16130 PiS 12
3 9125 PiS 12
4 14010 PiS 12
5 12460 PiS 12
6 10435 PiS 12
7 10525 PiS 12
8 5676 PiS 12
9 7961 PiS 12
10 1194 PiS 12
11 4326 PiS 12
12 14731 PiS 12
13 1777 PiS 12
14 3134 PiS 12
15 3843 PiS 12
16 6963 PiS 12
1 140692 PiS 13
2 10327 PiS 13
3 29686 PiS 13
4 7909 PiS 13
5 12150 PiS 13
6 7244 PiS 13
7 8298 PiS 13
8 3443 PiS 13
9 4452 PiS 13
10 4932 PiS 13
11 271 PiS 13
12 1298 PiS 13
13 364 PiS 13
14 1099 PiS 13
15 689 PiS 13
16 398 PiS 13
17 694 PiS 13
18 389 PiS 13
19 234 PiS 13
20 321 PiS 13
21 835 PiS 13
22 385 PiS 13
23 2571 PiS 13
24 318 PiS 13
25 386 PiS 13
26 777 PiS 13
27 883 PiS 13
28 15802 PiS 13
1 72660 PiS 14
2 20908 PiS 14
3 23468 PiS 14
4 16305 PiS 14
5 21561 PiS 14
6 7950 PiS 14
7 11579 PiS 14
8 4433 PiS 14
9 12437 PiS 14
10 7692 PiS 14
11 10900 PiS 14
12 7999 PiS 14
13 2044 PiS 14
14 7468 PiS 14
15 1440 PiS 14
16 1963 PiS 14
17 2179 PiS 14
18 2971 PiS 14
19 2525 PiS 14
20 5101 PiS 14
1 75220 PiS 15
2 25323 PiS 15
3 8152 PiS 15
4 18321 PiS 15
5 16719 PiS 15
6 9855 PiS 15
7 5769 PiS 15
8 12449 PiS 15
9 6738 PiS 15
10 12164 PiS 15
11 3023 PiS 15
12 1628 PiS 15
13 985 PiS 15
14 882 PiS 15
15 1938 PiS 15
16 487 PiS 15
17 747 PiS 15
18 6445 PiS 15
1 35798 PiS 16
2 34086 PiS 16
3 14280 PiS 16
4 14111 PiS 16
5 13133 PiS 16
6 10327 PiS 16
7 5956 PiS 16
8 9905 PiS 16
9 17873 PiS 16
10 7651 PiS 16
11 2400 PiS 16
12 2426 PiS 16
13 2279 PiS 16
14 9487 PiS 16
15 2081 PiS 16
16 2486 PiS 16
17 1660 PiS 16
18 969 PiS 16
19 4728 PiS 16
20 2735 PiS 16
1 69141 PiS 17
2 26707 PiS 17
3 23670 PiS 17
4 12619 PiS 17
5 12494 PiS 17
6 8910 PiS 17
7 9134 PiS 17
8 2783 PiS 17
9 1915 PiS 17
10 2605 PiS 17
11 882 PiS 17
12 1610 PiS 17
13 2440 PiS 17
14 2666 PiS 17
15 2266 PiS 17
16 8367 PiS 17
17 3023 PiS 17
18 2477 PiS 17
1 62891 PiS 18
2 50680 PiS 18
3 22457 PiS 18
4 9143 PiS 18
5 10767 PiS 18
6 19082 PiS 18
7 7313 PiS 18
8 5206 PiS 18
9 2397 PiS 18
10 4534 PiS 18
11 2765 PiS 18
12 3024 PiS 18
13 2210 PiS 18
14 5003 PiS 18
15 3891 PiS 18
16 3045 PiS 18
17 1114 PiS 18
18 3805 PiS 18
19 2195 PiS 18
20 2605 PiS 18
21 3022 PiS 18
22 1013 PiS 18
23 2327 PiS 18
24 40152 PiS 18
1 248935 PiS 19
2 19797 PiS 19
3 12693 PiS 19
4 5900 PiS 19
5 15121 PiS 19
6 13093 PiS 19
7 3944 PiS 19
8 4217 PiS 19
9 17459 PiS 19
10 3083 PiS 19
11 2850 PiS 19
12 2179 PiS 19
13 2193 PiS 19
14 2665 PiS 19
15 4544 PiS 19
16 340 PiS 19
17 734 PiS 19
18 556 PiS 19
19 981 PiS 19
20 1198 PiS 19
21 2043 PiS 19
22 569 PiS 19
23 444 PiS 19
24 1674 PiS 19
25 838 PiS 19
26 326 PiS 19
27 589 PiS 19
28 473 PiS 19
29 1554 PiS 19
30 750 PiS 19
31 760 PiS 19
32 568 PiS 19
33 577 PiS 19
34 606 PiS 19
35 701 PiS 19
36 789 PiS 19
37 159 PiS 19
38 187 PiS 19
39 178 PiS 19
40 3613 PiS 19
1 135189 PiS 20
2 22911 PiS 20
3 5250 PiS 20
4 0 PiS 20
5 8131 PiS 20
6 13665 PiS 20
7 1566 PiS 20
8 7454 PiS 20
9 1175 PiS 20
10 5499 PiS 20
11 2359 PiS 20
12 4977 PiS 20
13 4674 PiS 20
14 2168 PiS 20
15 3008 PiS 20
16 3217 PiS 20
17 2365 PiS 20
18 727 PiS 20
19 2233 PiS 20
20 904 PiS 20
21 1512 PiS 20
22 1645 PiS 20
23 1298 PiS 20
24 9596 PiS 20
1 38583 PiS 21
2 23120 PiS 21
3 20973 PiS 21
4 16953 PiS 21
5 5512 PiS 21
6 5850 PiS 21
7 3647 PiS 21
8 1875 PiS 21
9 1659 PiS 21
10 3509 PiS 21
11 4052 PiS 21
12 2024 PiS 21
13 625 PiS 21
14 2143 PiS 21
15 801 PiS 21
16 1197 PiS 21
17 556 PiS 21
18 409 PiS 21
19 231 PiS 21
20 628 PiS 21
21 323 PiS 21
22 609 PiS 21
23 1654 PiS 21
24 16066 PiS 21
1 61262 PiS 22
2 26246 PiS 22
3 20740 PiS 22
4 13360 PiS 22
5 10293 PiS 22
6 11260 PiS 22
7 6170 PiS 22
8 12905 PiS 22
9 6763 PiS 22
10 11177 PiS 22
11 6072 PiS 22
12 4470 PiS 22
13 2659 PiS 22
14 3517 PiS 22
15 5502 PiS 22
16 4921 PiS 22
17 4088 PiS 22
18 2253 PiS 22
19 658 PiS 22
20 4788 PiS 22
21 18936 PiS 22
22 9448 PiS 22
1 38912 PiS 23
2 36305 PiS 23
3 6173 PiS 23
4 15115 PiS 23
5 12738 PiS 23
6 17444 PiS 23
7 10429 PiS 23
8 18306 PiS 23
9 20634 PiS 23
10 26746 PiS 23
11 18913 PiS 23
12 16094 PiS 23
13 9149 PiS 23
14 5511 PiS 23
15 8344 PiS 23
16 18450 PiS 23
17 9540 PiS 23
18 7421 PiS 23
19 6791 PiS 23
20 11120 PiS 23
21 4113 PiS 23
22 5262 PiS 23
23 1152 PiS 23
24 789 PiS 23
25 911 PiS 23
26 597 PiS 23
27 2705 PiS 23
28 763 PiS 23
29 8346 PiS 23
30 28495 PiS 23
1 63878 PiS 24
2 40092 PiS 24
3 5442 PiS 24
4 14101 PiS 24
5 12141 PiS 24
6 11060 PiS 24
7 16138 PiS 24
8 9328 PiS 24
9 9228 PiS 24
10 29829 PiS 24
11 5580 PiS 24
12 7733 PiS 24
13 4797 PiS 24
14 2453 PiS 24
15 1642 PiS 24
16 5998 PiS 24
17 2692 PiS 24
18 712 PiS 24
19 2849 PiS 24
20 1922 PiS 24
21 5409 PiS 24
22 471 PiS 24
23 725 PiS 24
24 695 PiS 24
25 1061 PiS 24
26 1520 PiS 24
27 1170 PiS 24
28 12222 PiS 24
1 29834 PiS 25
2 89384 PiS 25
3 7304 PiS 25
4 7110 PiS 25
5 8019 PiS 25
6 10993 PiS 25
7 1647 PiS 25
8 1755 PiS 25
9 739 PiS 25
10 990 PiS 25
11 532 PiS 25
12 1834 PiS 25
13 927 PiS 25
14 535 PiS 25
15 760 PiS 25
16 606 PiS 25
17 660 PiS 25
18 1388 PiS 25
19 416 PiS 25
20 298 PiS 25
21 1005 PiS 25
22 370 PiS 25
23 504 PiS 25
24 2143 PiS 25
1 86079 PiS 26
2 16726 PiS 26
3 26892 PiS 26
4 9342 PiS 26
5 7879 PiS 26
6 2368 PiS 26
7 9349 PiS 26
8 4317 PiS 26
9 6768 PiS 26
10 1549 PiS 26
11 3253 PiS 26
12 3934 PiS 26
13 1623 PiS 26
14 1194 PiS 26
15 1644 PiS 26
16 2585 PiS 26
17 833 PiS 26
18 3162 PiS 26
19 423 PiS 26
20 299 PiS 26
21 657 PiS 26
22 852 PiS 26
23 611 PiS 26
24 3560 PiS 26
25 450 PiS 26
26 893 PiS 26
27 9000 PiS 26
28 5340 PiS 26
1 65315 PiS 27
2 23907 PiS 27
3 12967 PiS 27
4 19770 PiS 27
5 5816 PiS 27
6 11526 PiS 27
7 7924 PiS 27
8 8414 PiS 27
9 2336 PiS 27
10 4964 PiS 27
11 5280 PiS 27
12 5209 PiS 27
13 1340 PiS 27
14 2102 PiS 27
15 1027 PiS 27
16 970 PiS 27
17 1161 PiS 27
18 1999 PiS 27
1 42325 PiS 28
2 24672 PiS 28
3 12881 PiS 28
4 13888 PiS 28
5 11660 PiS 28
6 3363 PiS 28
7 2587 PiS 28
8 2261 PiS 28
9 924 PiS 28
10 3366 PiS 28
11 1678 PiS 28
12 1319 PiS 28
13 2006 PiS 28
14 3060 PiS 28
1 49914 PiS 29
2 16649 PiS 29
3 7076 PiS 29
4 8980 PiS 29
5 7859 PiS 29
6 7017 PiS 29
7 11399 PiS 29
8 1141 PiS 29
9 4500 PiS 29
10 2312 PiS 29
11 2689 PiS 29
12 787 PiS 29
13 756 PiS 29
14 847 PiS 29
15 926 PiS 29
16 1943 PiS 29
17 1506 PiS 29
18 2278 PiS 29
1 38809 PiS 30
2 37763 PiS 30
3 3907 PiS 30
4 26291 PiS 30
5 11195 PiS 30
6 3710 PiS 30
7 14274 PiS 30
8 5582 PiS 30
9 3969 PiS 30
10 2239 PiS 30
11 1155 PiS 30
12 2012 PiS 30
13 2326 PiS 30
14 891 PiS 30
15 854 PiS 30
16 714 PiS 30
17 2105 PiS 30
18 3364 PiS 30
1 133687 PiS 31
2 8315 PiS 31
3 7621 PiS 31
4 6061 PiS 31
5 4166 PiS 31
6 1256 PiS 31
7 6091 PiS 31
8 3330 PiS 31
9 2489 PiS 31
10 1362 PiS 31
11 1691 PiS 31
12 997 PiS 31
13 1023 PiS 31
14 585 PiS 31
15 573 PiS 31
16 451 PiS 31
17 311 PiS 31
18 216 PiS 31
19 785 PiS 31
20 491 PiS 31
21 1143 PiS 31
22 474 PiS 31
23 223 PiS 31
24 689 PiS 31
1 46773 PiS 32
2 21723 PiS 32
3 20354 PiS 32
4 7574 PiS 32
5 6414 PiS 32
6 6851 PiS 32
7 1197 PiS 32
8 1628 PiS 32
9 1295 PiS 32
10 1004 PiS 32
11 581 PiS 32
12 1227 PiS 32
13 1314 PiS 32
14 2046 PiS 32
15 772 PiS 32
16 831 PiS 32
1 115903 PiS 33
2 69946 PiS 33
3 14544 PiS 33
4 12310 PiS 33
5 5453 PiS 33
6 6750 PiS 33
7 18333 PiS 33
8 3607 PiS 33
9 3535 PiS 33
10 7690 PiS 33
11 4621 PiS 33
12 2488 PiS 33
13 1903 PiS 33
14 3830 PiS 33
15 8186 PiS 33
16 4297 PiS 33
17 1272 PiS 33
18 2788 PiS 33
19 937 PiS 33
20 2427 PiS 33
21 4110 PiS 33
22 1955 PiS 33
23 3347 PiS 33
24 1053 PiS 33
25 367 PiS 33
26 1151 PiS 33
27 738 PiS 33
28 414 PiS 33
29 925 PiS 33
30 919 PiS 33
31 1270 PiS 33
32 7386 PiS 33
1 19747 PiS 34
2 18620 PiS 34
3 19293 PiS 34
4 3921 PiS 34
5 4235 PiS 34
6 1859 PiS 34
7 4299 PiS 34
8 5886 PiS 34
9 2844 PiS 34
10 1191 PiS 34
11 4134 PiS 34
12 1833 PiS 34
13 2757 PiS 34
14 7702 PiS 34
15 548 PiS 34
16 3609 PiS 34
1 31575 PiS 35
2 17916 PiS 35
3 8344 PiS 35
4 11257 PiS 35
5 9631 PiS 35
6 7455 PiS 35
7 5822 PiS 35
8 3240 PiS 35
9 5661 PiS 35
10 2040 PiS 35
11 1654 PiS 35
12 1432 PiS 35
13 2519 PiS 35
14 625 PiS 35
15 1288 PiS 35
16 938 PiS 35
17 1222 PiS 35
18 948 PiS 35
19 1023 PiS 35
20 14170 PiS 35
1 60599 PiS 36
2 13496 PiS 36
3 16479 PiS 36
4 25695 PiS 36
5 12632 PiS 36
6 11276 PiS 36
7 5508 PiS 36
8 3153 PiS 36
9 1252 PiS 36
10 15860 PiS 36
11 2362 PiS 36
12 1893 PiS 36
13 2098 PiS 36
14 2478 PiS 36
15 995 PiS 36
16 4086 PiS 36
17 1812 PiS 36
18 1626 PiS 36
19 1948 PiS 36
20 2036 PiS 36
21 2121 PiS 36
22 1344 PiS 36
23 1756 PiS 36
24 2548 PiS 36
1 42859 PiS 37
2 16502 PiS 37
3 23116 PiS 37
4 17338 PiS 37
5 16521 PiS 37
6 11934 PiS 37
7 3195 PiS 37
8 8691 PiS 37
9 5785 PiS 37
10 3059 PiS 37
11 2617 PiS 37
12 3148 PiS 37
13 857 PiS 37
14 1776 PiS 37
15 1886 PiS 37
16 1545 PiS 37
17 1839 PiS 37
18 4297 PiS 37
1 38116 PiS 38
2 13191 PiS 38
3 9232 PiS 38
4 27077 PiS 38
5 8774 PiS 38
6 8716 PiS 38
7 1534 PiS 38
8 3097 PiS 38
9 1868 PiS 38
10 1050 PiS 38
11 1060 PiS 38
12 1359 PiS 38
13 982 PiS 38
14 1044 PiS 38
15 663 PiS 38
16 1638 PiS 38
17 1433 PiS 38
18 3558 PiS 38
1 43958 PiS 39
2 14213 PiS 39
3 24233 PiS 39
4 2568 PiS 39
5 7134 PiS 39
6 22181 PiS 39
7 3462 PiS 39
8 1922 PiS 39
9 548 PiS 39
10 2035 PiS 39
11 800 PiS 39
12 1117 PiS 39
13 535 PiS 39
14 797 PiS 39
15 492 PiS 39
16 928 PiS 39
17 553 PiS 39
18 644 PiS 39
19 979 PiS 39
20 1220 PiS 39
1 33083 PiS 40
2 22116 PiS 40
3 16497 PiS 40
4 4266 PiS 40
5 7937 PiS 40
6 2744 PiS 40
7 2548 PiS 40
8 1231 PiS 40
9 1071 PiS 40
10 1045 PiS 40
11 1438 PiS 40
12 1414 PiS 40
13 1065 PiS 40
14 565 PiS 40
15 1270 PiS 40
16 1788 PiS 40
1 58912 PiS 41
2 14105 PiS 41
3 11346 PiS 41
4 11881 PiS 41
5 4646 PiS 41
6 9189 PiS 41
7 8672 PiS 41
8 2782 PiS 41
9 2035 PiS 41
10 1325 PiS 41
11 2217 PiS 41
12 2872 PiS 41
13 3290 PiS 41
14 1963 PiS 41
15 7121 PiS 41
16 3659 PiS 41
17 1270 PiS 41
18 5018 PiS 41
19 1201 PiS 41
20 2029 PiS 41
21 1446 PiS 41
22 2149 PiS 41
23 2055 PiS 41
24 4017 PiS 41
1 41480 SLD 1
2 4205 SLD 1
3 4045 SLD 1
4 4107 SLD 1
5 3196 SLD 1
6 588 SLD 1
7 1919 SLD 1
8 1216 SLD 1
9 473 SLD 1
10 1399 SLD 1
11 916 SLD 1
12 476 SLD 1
13 392 SLD 1
14 411 SLD 1
15 296 SLD 1
16 827 SLD 1
17 730 SLD 1
18 803 SLD 1
19 574 SLD 1
20 361 SLD 1
21 352 SLD 1
22 457 SLD 1
23 1028 SLD 1
24 810 SLD 1
1 14451 SLD 2
2 6393 SLD 2
3 3390 SLD 2
4 2434 SLD 2
5 1334 SLD 2
6 660 SLD 2
7 1143 SLD 2
8 652 SLD 2
9 420 SLD 2
10 755 SLD 2
11 358 SLD 2
12 216 SLD 2
13 843 SLD 2
14 300 SLD 2
15 318 SLD 2
16 1290 SLD 2
1 43447 SLD 3
2 10212 SLD 3
3 8510 SLD 3
4 6534 SLD 3
5 1651 SLD 3
6 1103 SLD 3
7 1222 SLD 3
8 1402 SLD 3
9 1157 SLD 3
10 1561 SLD 3
11 873 SLD 3
12 587 SLD 3
13 1888 SLD 3
14 1019 SLD 3
15 985 SLD 3
16 398 SLD 3
17 289 SLD 3
18 598 SLD 3
19 293 SLD 3
20 440 SLD 3
21 371 SLD 3
22 288 SLD 3
23 390 SLD 3
24 592 SLD 3
25 371 SLD 3
26 114 SLD 3
27 291 SLD 3
28 14257 SLD 3
1 30859 SLD 4
2 11821 SLD 4
3 3378 SLD 4
4 4266 SLD 4
5 1349 SLD 4
6 5676 SLD 4
7 1100 SLD 4
8 677 SLD 4
9 2451 SLD 4
10 760 SLD 4
11 843 SLD 4
12 624 SLD 4
13 523 SLD 4
14 459 SLD 4
15 656 SLD 4
16 270 SLD 4
17 210 SLD 4
18 661 SLD 4
19 466 SLD 4
20 242 SLD 4
21 705 SLD 4
22 513 SLD 4
1 13940 SLD 5
2 26092 SLD 5
3 1618 SLD 5
4 9617 SLD 5
5 918 SLD 5
6 1336 SLD 5
7 825 SLD 5
8 986 SLD 5
9 665 SLD 5
10 763 SLD 5
11 629 SLD 5
12 503 SLD 5
13 617 SLD 5
14 318 SLD 5
15 433 SLD 5
16 425 SLD 5
17 446 SLD 5
18 423 SLD 5
19 380 SLD 5
20 424 SLD 5
21 435 SLD 5
22 466 SLD 5
23 470 SLD 5
24 4347 SLD 5
1 17720 SLD 6
2 9824 SLD 6
3 2334 SLD 6
4 1595 SLD 6
5 867 SLD 6
6 628 SLD 6
7 980 SLD 6
8 1821 SLD 6
9 1160 SLD 6
10 387 SLD 6
11 225 SLD 6
12 323 SLD 6
13 728 SLD 6
14 900 SLD 6
15 306 SLD 6
16 153 SLD 6
17 252 SLD 6
18 480 SLD 6
19 209 SLD 6
20 296 SLD 6
21 142 SLD 6
22 189 SLD 6
23 433 SLD 6
24 130 SLD 6
25 106 SLD 6
26 129 SLD 6
27 214 SLD 6
28 183 SLD 6
29 230 SLD 6
30 1208 SLD 6
1 12916 SLD 7
2 4282 SLD 7
3 1159 SLD 7
4 832 SLD 7
5 758 SLD 7
6 278 SLD 7
7 1218 SLD 7
8 628 SLD 7
9 376 SLD 7
10 377 SLD 7
11 202 SLD 7
12 117 SLD 7
13 167 SLD 7
14 368 SLD 7
15 225 SLD 7
16 105 SLD 7
17 341 SLD 7
18 316 SLD 7
19 356 SLD 7
20 159 SLD 7
21 362 SLD 7
22 186 SLD 7
23 137 SLD 7
24 1539 SLD 7
1 30581 SLD 8
2 18950 SLD 8
3 2223 SLD 8
4 1956 SLD 8
5 1034 SLD 8
6 284 SLD 8
7 1452 SLD 8
8 776 SLD 8
9 847 SLD 8
10 840 SLD 8
11 428 SLD 8
12 528 SLD 8
13 1320 SLD 8
14 502 SLD 8
15 1013 SLD 8
16 862 SLD 8
17 395 SLD 8
18 645 SLD 8
19 221 SLD 8
20 688 SLD 8
21 486 SLD 8
22 241 SLD 8
23 787 SLD 8
24 1282 SLD 8
1 40811 SLD 9
2 14422 SLD 9
3 6319 SLD 9
4 3120 SLD 9
5 1842 SLD 9
6 2238 SLD 9
7 2472 SLD 9
8 998 SLD 9
9 374 SLD 9
10 1716 SLD 9
11 943 SLD 9
12 409 SLD 9
13 1354 SLD 9
14 467 SLD 9
15 658 SLD 9
16 151 SLD 9
17 307 SLD 9
18 1004 SLD 9
19 1388 SLD 9
20 2531 SLD 9
1 13023 SLD 10
2 11518 SLD 10
3 1627 SLD 10
4 2511 SLD 10
5 1489 SLD 10
6 1591 SLD 10
7 412 SLD 10
8 661 SLD 10
9 890 SLD 10
10 836 SLD 10
11 651 SLD 10
12 210 SLD 10
13 394 SLD 10
14 353 SLD 10
15 284 SLD 10
16 353 SLD 10
17 222 SLD 10
18 905 SLD 10
1 16757 SLD 11
2 14575 SLD 11
3 2498 SLD 11
4 2490 SLD 11
5 962 SLD 11
6 1557 SLD 11
7 1205 SLD 11
8 534 SLD 11
9 896 SLD 11
10 1338 SLD 11
11 1163 SLD 11
12 748 SLD 11
13 743 SLD 11
14 760 SLD 11
15 315 SLD 11
16 623 SLD 11
17 581 SLD 11
18 256 SLD 11
19 302 SLD 11
20 891 SLD 11
21 1076 SLD 11
22 540 SLD 11
23 430 SLD 11
24 3876 SLD 11
1 10695 SLD 12
2 4083 SLD 12
3 1517 SLD 12
4 2225 SLD 12
5 2122 SLD 12
6 550 SLD 12
7 971 SLD 12
8 602 SLD 12
9 843 SLD 12
10 522 SLD 12
11 370 SLD 12
12 303 SLD 12
13 473 SLD 12
14 352 SLD 12
15 725 SLD 12
16 556 SLD 12
1 35279 SLD 13
2 17488 SLD 13
3 5059 SLD 13
4 2186 SLD 13
5 2344 SLD 13
6 1889 SLD 13
7 2130 SLD 13
8 1001 SLD 13
9 2022 SLD 13
10 582 SLD 13
11 2734 SLD 13
12 941 SLD 13
13 716 SLD 13
14 873 SLD 13
15 638 SLD 13
16 338 SLD 13
17 810 SLD 13
18 418 SLD 13
19 554 SLD 13
20 388 SLD 13
21 434 SLD 13
22 188 SLD 13
23 201 SLD 13
24 261 SLD 13
25 505 SLD 13
26 366 SLD 13
27 1041 SLD 13
28 3071 SLD 13
1 15204 SLD 14
2 1606 SLD 14
3 864 SLD 14
4 936 SLD 14
5 505 SLD 14
6 229 SLD 14
7 271 SLD 14
8 287 SLD 14
9 151 SLD 14
10 446 SLD 14
11 122 SLD 14
12 329 SLD 14
13 271 SLD 14
14 129 SLD 14
15 136 SLD 14
16 183 SLD 14
17 253 SLD 14
18 165 SLD 14
1 9956 SLD 15
2 2888 SLD 15
3 1979 SLD 15
4 791 SLD 15
5 482 SLD 15
6 459 SLD 15
7 241 SLD 15
8 353 SLD 15
9 197 SLD 15
10 380 SLD 15
11 428 SLD 15
12 330 SLD 15
13 492 SLD 15
14 242 SLD 15
15 449 SLD 15
16 147 SLD 15
17 265 SLD 15
18 539 SLD 15
1 15098 SLD 16
2 2809 SLD 16
3 1083 SLD 16
4 2846 SLD 16
5 879 SLD 16
6 440 SLD 16
7 1505 SLD 16
8 574 SLD 16
9 1073 SLD 16
10 403 SLD 16
11 397 SLD 16
12 668 SLD 16
13 938 SLD 16
14 269 SLD 16
15 458 SLD 16
16 772 SLD 16
17 454 SLD 16
18 107 SLD 16
19 205 SLD 16
20 1470 SLD 16
1 12045 SLD 17
2 2692 SLD 17
3 1876 SLD 17
4 1461 SLD 17
5 825 SLD 17
6 978 SLD 17
7 386 SLD 17
8 505 SLD 17
9 739 SLD 17
10 630 SLD 17
11 273 SLD 17
12 160 SLD 17
13 409 SLD 17
14 332 SLD 17
15 155 SLD 17
16 129 SLD 17
17 341 SLD 17
18 948 SLD 17
1 12055 SLD 18
2 3441 SLD 18
3 4253 SLD 18
4 554 SLD 18
5 565 SLD 18
6 834 SLD 18
7 713 SLD 18
8 732 SLD 18
9 573 SLD 18
10 639 SLD 18
11 451 SLD 18
12 164 SLD 18
13 289 SLD 18
14 586 SLD 18
15 512 SLD 18
16 141 SLD 18
17 423 SLD 18
18 377 SLD 18
19 214 SLD 18
20 253 SLD 18
21 174 SLD 18
22 185 SLD 18
23 167 SLD 18
24 940 SLD 18
1 140898 SLD 19
2 18864 SLD 19
3 17959 SLD 19
4 19501 SLD 19
5 3484 SLD 19
6 2765 SLD 19
7 8243 SLD 19
8 911 SLD 19
9 1703 SLD 19
10 1183 SLD 19
11 1298 SLD 19
12 743 SLD 19
13 2919 SLD 19
14 1411 SLD 19
15 570 SLD 19
16 1338 SLD 19
17 400 SLD 19
18 487 SLD 19
19 504 SLD 19
20 6330 SLD 19
21 1328 SLD 19
22 463 SLD 19
23 1574 SLD 19
24 475 SLD 19
25 440 SLD 19
26 603 SLD 19
27 1354 SLD 19
28 224 SLD 19
29 565 SLD 19
30 752 SLD 19
31 497 SLD 19
32 1392 SLD 19
33 180 SLD 19
34 649 SLD 19
35 1101 SLD 19
36 349 SLD 19
37 298 SLD 19
38 576 SLD 19
39 1397 SLD 19
40 5706 SLD 19
1 38495 SLD 20
2 13987 SLD 20
3 5770 SLD 20
4 880 SLD 20
5 1766 SLD 20
6 753 SLD 20
7 1188 SLD 20
8 1518 SLD 20
9 1021 SLD 20
10 1814 SLD 20
11 974 SLD 20
12 498 SLD 20
13 1340 SLD 20
14 807 SLD 20
15 1224 SLD 20
16 483 SLD 20
17 518 SLD 20
18 1072 SLD 20
19 246 SLD 20
20 567 SLD 20
21 956 SLD 20
22 235 SLD 20
23 223 SLD 20
24 2013 SLD 20
1 19206 SLD 21
2 15257 SLD 21
3 1819 SLD 21
4 1063 SLD 21
5 1002 SLD 21
6 993 SLD 21
7 327 SLD 21
8 898 SLD 21
9 696 SLD 21
10 315 SLD 21
11 428 SLD 21
12 869 SLD 21
13 642 SLD 21
14 253 SLD 21
15 874 SLD 21
16 305 SLD 21
17 604 SLD 21
18 259 SLD 21
19 183 SLD 21
20 385 SLD 21
21 266 SLD 21
22 513 SLD 21
1 10391 SLD 22
2 3011 SLD 22
3 1843 SLD 22
4 610 SLD 22
5 990 SLD 22
6 1227 SLD 22
7 214 SLD 22
8 202 SLD 22
9 978 SLD 22
10 399 SLD 22
11 387 SLD 22
12 184 SLD 22
13 488 SLD 22
14 435 SLD 22
15 282 SLD 22
16 229 SLD 22
17 261 SLD 22
18 194 SLD 22
19 97 SLD 22
20 105 SLD 22
21 261 SLD 22
22 789 SLD 22
1 15605 SLD 23
2 2478 SLD 23
3 3505 SLD 23
4 2522 SLD 23
5 1225 SLD 23
6 1064 SLD 23
7 1396 SLD 23
8 807 SLD 23
9 674 SLD 23
10 570 SLD 23
11 1231 SLD 23
12 630 SLD 23
13 326 SLD 23
14 288 SLD 23
15 680 SLD 23
16 363 SLD 23
17 205 SLD 23
18 801 SLD 23
19 265 SLD 23
20 369 SLD 23
21 546 SLD 23
22 134 SLD 23
23 395 SLD 23
24 109 SLD 23
25 147 SLD 23
26 177 SLD 23
27 227 SLD 23
28 303 SLD 23
29 555 SLD 23
30 1220 SLD 23
1 13455 SLD 24
2 8293 SLD 24
3 5280 SLD 24
4 1189 SLD 24
5 868 SLD 24
6 1400 SLD 24
7 944 SLD 24
8 703 SLD 24
9 388 SLD 24
10 793 SLD 24
11 986 SLD 24
12 533 SLD 24
13 487 SLD 24
14 449 SLD 24
15 535 SLD 24
16 174 SLD 24
17 225 SLD 24
18 909 SLD 24
19 184 SLD 24
20 367 SLD 24
21 223 SLD 24
22 289 SLD 24
23 69 SLD 24
24 287 SLD 24
25 184 SLD 24
26 161 SLD 24
27 326 SLD 24
28 7641 SLD 24
1 23319 SLD 25
2 22485 SLD 25
3 2873 SLD 25
4 4211 SLD 25
5 2578 SLD 25
6 2885 SLD 25
7 2026 SLD 25
8 468 SLD 25
9 739 SLD 25
10 1466 SLD 25
11 990 SLD 25
12 543 SLD 25
13 917 SLD 25
14 512 SLD 25
15 529 SLD 25
16 429 SLD 25
17 462 SLD 25
18 241 SLD 25
19 266 SLD 25
20 455 SLD 25
21 466 SLD 25
22 502 SLD 25
23 932 SLD 25
24 942 SLD 25
1 36405 SLD 26
2 7929 SLD 26
3 4410 SLD 26
4 2023 SLD 26
5 821 SLD 26
6 1970 SLD 26
7 1601 SLD 26
8 1898 SLD 26
9 2303 SLD 26
10 741 SLD 26
11 1309 SLD 26
12 909 SLD 26
13 836 SLD 26
14 968 SLD 26
15 657 SLD 26
16 862 SLD 26
17 452 SLD 26
18 585 SLD 26
19 979 SLD 26
20 250 SLD 26
21 436 SLD 26
22 188 SLD 26
23 745 SLD 26
24 349 SLD 26
25 446 SLD 26
26 399 SLD 26
27 721 SLD 26
28 1244 SLD 26
1 22055 SLD 27
2 4392 SLD 27
3 2070 SLD 27
4 1074 SLD 27
5 3445 SLD 27
6 1007 SLD 27
7 2480 SLD 27
8 1202 SLD 27
9 506 SLD 27
10 593 SLD 27
11 523 SLD 27
12 855 SLD 27
13 358 SLD 27
14 776 SLD 27
15 1124 SLD 27
16 580 SLD 27
17 654 SLD 27
18 1007 SLD 27
1 18527 SLD 28
2 2983 SLD 28
3 3709 SLD 28
4 2414 SLD 28
5 4223 SLD 28
6 3624 SLD 28
7 973 SLD 28
8 687 SLD 28
9 1776 SLD 28
10 811 SLD 28
11 892 SLD 28
12 1674 SLD 28
13 549 SLD 28
14 1512 SLD 28
1 25767 SLD 29
2 1776 SLD 29
3 3036 SLD 29
4 2175 SLD 29
5 1198 SLD 29
6 1682 SLD 29
7 751 SLD 29
8 911 SLD 29
9 1188 SLD 29
10 648 SLD 29
11 364 SLD 29
12 295 SLD 29
13 652 SLD 29
14 556 SLD 29
15 287 SLD 29
16 2733 SLD 29
17 316 SLD 29
18 1248 SLD 29
1 14973 SLD 30
2 3494 SLD 30
3 1524 SLD 30
4 2265 SLD 30
5 1127 SLD 30
6 976 SLD 30
7 934 SLD 30
8 1224 SLD 30
9 539 SLD 30
10 399 SLD 30
11 173 SLD 30
12 497 SLD 30
13 729 SLD 30
14 646 SLD 30
15 710 SLD 30
16 298 SLD 30
17 638 SLD 30
18 1154 SLD 30
1 22262 SLD 31
2 9472 SLD 31
3 7557 SLD 31
4 2278 SLD 31
5 944 SLD 31
6 1159 SLD 31
7 1168 SLD 31
8 1343 SLD 31
9 1168 SLD 31
10 524 SLD 31
11 381 SLD 31
12 874 SLD 31
13 436 SLD 31
14 518 SLD 31
15 648 SLD 31
16 268 SLD 31
17 265 SLD 31
18 249 SLD 31
19 713 SLD 31
20 375 SLD 31
21 604 SLD 31
22 672 SLD 31
1 31244 SLD 32
2 12148 SLD 32
3 2937 SLD 32
4 4964 SLD 32
5 11733 SLD 32
6 2686 SLD 32
7 671 SLD 32
8 1243 SLD 32
9 679 SLD 32
10 698 SLD 32
11 428 SLD 32
12 272 SLD 32
13 443 SLD 32
14 479 SLD 32
15 712 SLD 32
16 529 SLD 32
1 24337 SLD 33
2 6191 SLD 33
3 3013 SLD 33
4 5908 SLD 33
5 3096 SLD 33
6 4360 SLD 33
7 1108 SLD 33
8 395 SLD 33
9 396 SLD 33
10 1347 SLD 33
11 296 SLD 33
12 293 SLD 33
13 701 SLD 33
14 598 SLD 33
15 543 SLD 33
16 154 SLD 33
17 256 SLD 33
18 140 SLD 33
19 167 SLD 33
20 276 SLD 33
21 451 SLD 33
22 623 SLD 33
23 161 SLD 33
24 120 SLD 33
25 232 SLD 33
26 72 SLD 33
27 161 SLD 33
28 155 SLD 33
29 69 SLD 33
30 512 SLD 33
1 11093 SLD 34
2 7172 SLD 34
3 2229 SLD 34
4 910 SLD 34
5 1450 SLD 34
6 873 SLD 34
7 543 SLD 34
8 443 SLD 34
9 531 SLD 34
10 546 SLD 34
11 329 SLD 34
12 376 SLD 34
13 317 SLD 34
14 523 SLD 34
1 20453 SLD 35
2 4594 SLD 35
3 5208 SLD 35
4 1572 SLD 35
5 1618 SLD 35
6 1169 SLD 35
7 966 SLD 35
8 969 SLD 35
9 710 SLD 35
10 1805 SLD 35
11 497 SLD 35
12 605 SLD 35
13 389 SLD 35
14 721 SLD 35
15 468 SLD 35
16 574 SLD 35
17 386 SLD 35
18 808 SLD 35
19 425 SLD 35
20 1975 SLD 35
1 23799 SLD 36
2 3538 SLD 36
3 14209 SLD 36
4 2932 SLD 36
5 2293 SLD 36
6 1294 SLD 36
7 1056 SLD 36
8 1579 SLD 36
9 637 SLD 36
10 2167 SLD 36
11 442 SLD 36
12 811 SLD 36
13 610 SLD 36
14 784 SLD 36
15 687 SLD 36
16 744 SLD 36
17 400 SLD 36
18 341 SLD 36
19 282 SLD 36
20 675 SLD 36
21 476 SLD 36
22 416 SLD 36
1 14730 SLD 37
2 17515 SLD 37
3 1963 SLD 37
4 3515 SLD 37
5 3308 SLD 37
6 2468 SLD 37
7 481 SLD 37
8 904 SLD 37
9 415 SLD 37
10 1280 SLD 37
11 1554 SLD 37
12 348 SLD 37
13 956 SLD 37
14 255 SLD 37
15 502 SLD 37
16 380 SLD 37
17 968 SLD 37
18 1548 SLD 37
1 12560 SLD 38
2 14438 SLD 38
3 3131 SLD 38
4 3417 SLD 38
5 1601 SLD 38
6 995 SLD 38
7 595 SLD 38
8 1179 SLD 38
9 684 SLD 38
10 802 SLD 38
11 354 SLD 38
12 1219 SLD 38
13 288 SLD 38
14 655 SLD 38
15 649 SLD 38
16 170 SLD 38
17 1394 SLD 38
18 2224 SLD 38
1 33373 SLD 39
2 7334 SLD 39
3 16061 SLD 39
4 3981 SLD 39
5 2113 SLD 39
6 1548 SLD 39
7 2017 SLD 39
8 1303 SLD 39
9 1282 SLD 39
10 2315 SLD 39
11 454 SLD 39
12 3237 SLD 39
13 975 SLD 39
14 972 SLD 39
15 911 SLD 39
16 443 SLD 39
17 358 SLD 39
18 637 SLD 39
19 628 SLD 39
20 4893 SLD 39
1 15300 SLD 40
2 8113 SLD 40
3 5322 SLD 40
4 2260 SLD 40
5 2757 SLD 40
6 819 SLD 40
7 1102 SLD 40
8 258 SLD 40
9 709 SLD 40
10 820 SLD 40
11 599 SLD 40
12 294 SLD 40
13 519 SLD 40
14 503 SLD 40
15 681 SLD 40
16 1887 SLD 40
1 24924 SLD 41
2 7316 SLD 41
3 3074 SLD 41
4 7557 SLD 41
5 4326 SLD 41
6 1164 SLD 41
7 2314 SLD 41
8 724 SLD 41
9 2133 SLD 41
10 504 SLD 41
11 3018 SLD 41
12 1697 SLD 41
13 655 SLD 41
14 1288 SLD 41
15 751 SLD 41
16 373 SLD 41
17 344 SLD 41
18 1052 SLD 41
19 498 SLD 41
20 848 SLD 41
21 158 SLD 41
22 421 SLD 41
23 1014 SLD 41
24 5603 SLD 41
1 7694 PSL 1
2 5703 PSL 1
3 3474 PSL 1
4 3174 PSL 1
5 1382 PSL 1
6 1032 PSL 1
7 1249 PSL 1
8 395 PSL 1
9 703 PSL 1
10 776 PSL 1
11 584 PSL 1
12 491 PSL 1
13 626 PSL 1
14 541 PSL 1
15 250 PSL 1
16 172 PSL 1
17 272 PSL 1
18 401 PSL 1
19 87 PSL 1
20 625 PSL 1
21 231 PSL 1
22 121 PSL 1
23 418 PSL 1
24 605 PSL 1
1 7615 PSL 2
2 1327 PSL 2
3 1214 PSL 2
4 715 PSL 2
5 3194 PSL 2
6 730 PSL 2
7 709 PSL 2
8 570 PSL 2
9 961 PSL 2
10 404 PSL 2
11 501 PSL 2
12 345 PSL 2
13 354 PSL 2
14 331 PSL 2
15 165 PSL 2
16 1393 PSL 2
1 17618 PSL 3
2 2655 PSL 3
3 3712 PSL 3
4 2592 PSL 3
5 907 PSL 3
6 861 PSL 3
7 1289 PSL 3
8 1090 PSL 3
9 1059 PSL 3
10 1184 PSL 3
11 1280 PSL 3
12 540 PSL 3
13 715 PSL 3
14 1147 PSL 3
15 385 PSL 3
16 340 PSL 3
17 611 PSL 3
18 163 PSL 3
19 542 PSL 3
20 174 PSL 3
21 377 PSL 3
22 158 PSL 3
23 327 PSL 3
24 165 PSL 3
25 308 PSL 3
26 344 PSL 3
27 394 PSL 3
28 1332 PSL 3
1 17648 PSL 4
2 2768 PSL 4
3 2583 PSL 4
4 2604 PSL 4
5 785 PSL 4
6 1325 PSL 4
7 1789 PSL 4
8 468 PSL 4
9 952 PSL 4
10 1117 PSL 4
11 633 PSL 4
12 455 PSL 4
13 549 PSL 4
14 671 PSL 4
15 542 PSL 4
16 544 PSL 4
17 434 PSL 4
18 383 PSL 4
19 186 PSL 4
20 439 PSL 4
21 886 PSL 4
22 436 PSL 4
23 931 PSL 4
24 2369 PSL 4
1 14404 PSL 5
2 9839 PSL 5
3 4395 PSL 5
4 2688 PSL 5
5 1529 PSL 5
6 421 PSL 5
7 639 PSL 5
8 1291 PSL 5
9 598 PSL 5
10 436 PSL 5
11 1095 PSL 5
12 432 PSL 5
13 731 PSL 5
14 409 PSL 5
15 504 PSL 5
16 249 PSL 5
17 409 PSL 5
18 665 PSL 5
19 383 PSL 5
20 499 PSL 5
21 817 PSL 5
22 535 PSL 5
23 154 PSL 5
24 344 PSL 5
25 440 PSL 5
26 5319 PSL 5
1 13346 PSL 6
2 6145 PSL 6
3 5922 PSL 6
4 4510 PSL 6
5 1384 PSL 6
6 2587 PSL 6
7 1268 PSL 6
8 1177 PSL 6
9 2589 PSL 6
10 2412 PSL 6
11 577 PSL 6
12 822 PSL 6
13 1390 PSL 6
14 509 PSL 6
15 577 PSL 6
16 446 PSL 6
17 462 PSL 6
18 294 PSL 6
19 159 PSL 6
20 483 PSL 6
21 396 PSL 6
22 273 PSL 6
23 342 PSL 6
24 385 PSL 6
25 313 PSL 6
26 650 PSL 6
27 128 PSL 6
28 677 PSL 6
29 204 PSL 6
30 1047 PSL 6
1 10651 PSL 7
2 6215 PSL 7
3 5409 PSL 7
4 4926 PSL 7
5 3025 PSL 7
6 3205 PSL 7
7 2715 PSL 7
8 3374 PSL 7
9 1144 PSL 7
10 301 PSL 7
11 274 PSL 7
12 649 PSL 7
13 852 PSL 7
14 195 PSL 7
15 338 PSL 7
16 135 PSL 7
17 241 PSL 7
18 388 PSL 7
19 492 PSL 7
20 188 PSL 7
21 301 PSL 7
22 471 PSL 7
23 214 PSL 7
24 1901 PSL 7
1 13792 PSL 8
2 2310 PSL 8
3 831 PSL 8
4 1473 PSL 8
5 2899 PSL 8
6 3150 PSL 8
7 1643 PSL 8
8 1015 PSL 8
9 2058 PSL 8
10 855 PSL 8
11 1292 PSL 8
12 668 PSL 8
13 623 PSL 8
14 1626 PSL 8
15 735 PSL 8
16 1092 PSL 8
17 589 PSL 8
18 728 PSL 8
19 861 PSL 8
20 703 PSL 8
21 391 PSL 8
22 684 PSL 8
23 435 PSL 8
24 10490 PSL 8
1 6032 PSL 9
2 1034 PSL 9
3 768 PSL 9
4 1945 PSL 9
5 874 PSL 9
6 834 PSL 9
7 535 PSL 9
8 1595 PSL 9
9 785 PSL 9
10 348 PSL 9
11 783 PSL 9
12 164 PSL 9
13 454 PSL 9
14 556 PSL 9
15 362 PSL 9
16 215 PSL 9
17 444 PSL 9
18 397 PSL 9
1 15977 PSL 10
2 6184 PSL 10
3 1323 PSL 10
4 1415 PSL 10
5 921 PSL 10
6 914 PSL 10
7 1091 PSL 10
8 1301 PSL 10
9 510 PSL 10
10 601 PSL 10
11 494 PSL 10
12 426 PSL 10
13 494 PSL 10
14 833 PSL 10
15 638 PSL 10
16 308 PSL 10
17 1018 PSL 10
18 1703 PSL 10
1 14161 PSL 11
2 7096 PSL 11
3 3106 PSL 11
4 2565 PSL 11
5 1185 PSL 11
6 3348 PSL 11
7 1631 PSL 11
8 1164 PSL 11
9 603 PSL 11
10 1204 PSL 11
11 445 PSL 11
12 332 PSL 11
13 1146 PSL 11
14 359 PSL 11
15 464 PSL 11
16 582 PSL 11
17 294 PSL 11
18 369 PSL 11
19 554 PSL 11
20 636 PSL 11
21 505 PSL 11
22 322 PSL 11
23 701 PSL 11
24 4601 PSL 11
1 8122 PSL 12
2 3904 PSL 12
3 1998 PSL 12
4 668 PSL 12
5 1290 PSL 12
6 1616 PSL 12
7 1151 PSL 12
8 342 PSL 12
9 800 PSL 12
10 668 PSL 12
11 350 PSL 12
12 1073 PSL 12
13 452 PSL 12
14 198 PSL 12
15 885 PSL 12
16 1479 PSL 12
1 20877 PSL 13
2 4447 PSL 13
3 4428 PSL 13
4 1573 PSL 13
5 1465 PSL 13
6 812 PSL 13
7 1182 PSL 13
8 992 PSL 13
9 583 PSL 13
10 853 PSL 13
11 383 PSL 13
12 344 PSL 13
13 1105 PSL 13
14 818 PSL 13
15 252 PSL 13
16 857 PSL 13
17 491 PSL 13
18 964 PSL 13
19 144 PSL 13
20 223 PSL 13
21 318 PSL 13
22 862 PSL 13
23 268 PSL 13
24 358 PSL 13
25 348 PSL 13
26 416 PSL 13
27 516 PSL 13
28 1340 PSL 13
1 11499 PSL 14
2 1165 PSL 14
3 2207 PSL 14
4 1516 PSL 14
5 923 PSL 14
6 1149 PSL 14
7 834 PSL 14
8 798 PSL 14
9 537 PSL 14
10 402 PSL 14
11 217 PSL 14
12 600 PSL 14
13 442 PSL 14
14 227 PSL 14
15 592 PSL 14
16 397 PSL 14
17 245 PSL 14
18 337 PSL 14
19 423 PSL 14
20 2693 PSL 14
1 33784 PSL 15
2 1229 PSL 15
3 1558 PSL 15
4 1198 PSL 15
5 1217 PSL 15
6 746 PSL 15
7 910 PSL 15
8 439 PSL 15
9 988 PSL 15
10 330 PSL 15
11 682 PSL 15
12 335 PSL 15
13 655 PSL 15
14 407 PSL 15
15 431 PSL 15
16 385 PSL 15
17 272 PSL 15
18 767 PSL 15
1 16775 PSL 16
2 8826 PSL 16
3 4242 PSL 16
4 4137 PSL 16
5 1764 PSL 16
6 2127 PSL 16
7 1553 PSL 16
8 2258 PSL 16
9 1866 PSL 16
10 1546 PSL 16
11 1391 PSL 16
12 286 PSL 16
13 1190 PSL 16
14 1006 PSL 16
15 1665 PSL 16
16 216 PSL 16
17 663 PSL 16
18 215 PSL 16
19 2211 PSL 16
20 2290 PSL 16
1 12752 PSL 17
2 2400 PSL 17
3 3072 PSL 17
4 1523 PSL 17
5 1277 PSL 17
6 2142 PSL 17
7 1593 PSL 17
8 849 PSL 17
9 708 PSL 17
10 634 PSL 17
11 1042 PSL 17
12 1159 PSL 17
13 803 PSL 17
14 874 PSL 17
15 206 PSL 17
16 770 PSL 17
17 949 PSL 17
18 1432 PSL 17
1 18950 PSL 18
2 5477 PSL 18
3 5394 PSL 18
4 3950 PSL 18
5 1978 PSL 18
6 525 PSL 18
7 1310 PSL 18
8 3401 PSL 18
9 2541 PSL 18
10 275 PSL 18
11 608 PSL 18
12 865 PSL 18
13 851 PSL 18
14 302 PSL 18
15 573 PSL 18
16 973 PSL 18
17 667 PSL 18
18 584 PSL 18
19 654 PSL 18
20 431 PSL 18
21 623 PSL 18
22 1810 PSL 18
23 231 PSL 18
24 1112 PSL 18
1 30405 PSL 19
2 8075 PSL 19
3 7346 PSL 19
4 1810 PSL 19
5 578 PSL 19
6 1166 PSL 19
7 512 PSL 19
8 663 PSL 19
9 614 PSL 19
10 1734 PSL 19
11 434 PSL 19
12 573 PSL 19
13 537 PSL 19
14 649 PSL 19
15 479 PSL 19
16 251 PSL 19
17 397 PSL 19
18 449 PSL 19
19 362 PSL 19
20 463 PSL 19
21 394 PSL 19
22 500 PSL 19
23 348 PSL 19
24 299 PSL 19
25 321 PSL 19
26 417 PSL 19
27 298 PSL 19
28 320 PSL 19
29 589 PSL 19
30 243 PSL 19
31 328 PSL 19
32 660 PSL 19
33 649 PSL 19
34 211 PSL 19
35 206 PSL 19
36 291 PSL 19
37 569 PSL 19
38 261 PSL 19
1 7195 PSL 20
2 8665 PSL 20
3 6624 PSL 20
4 3120 PSL 20
5 3296 PSL 20
6 3227 PSL 20
7 2295 PSL 20
8 1588 PSL 20
9 2071 PSL 20
10 1111 PSL 20
11 812 PSL 20
12 1051 PSL 20
13 433 PSL 20
14 887 PSL 20
15 168 PSL 20
16 558 PSL 20
17 443 PSL 20
18 581 PSL 20
19 470 PSL 20
20 1501 PSL 20
21 408 PSL 20
22 1178 PSL 20
23 2373 PSL 20
24 1429 PSL 20
1 23468 PSL 21
2 3837 PSL 21
3 2396 PSL 21
4 1561 PSL 21
5 1883 PSL 21
6 450 PSL 21
7 694 PSL 21
8 726 PSL 21
9 220 PSL 21
10 1464 PSL 21
11 977 PSL 21
12 306 PSL 21
13 161 PSL 21
14 253 PSL 21
15 318 PSL 21
16 153 PSL 21
17 245 PSL 21
18 316 PSL 21
19 240 PSL 21
20 731 PSL 21
21 207 PSL 21
22 244 PSL 21
23 352 PSL 21
24 699 PSL 21
1 11363 PSL 22
2 2563 PSL 22
3 2879 PSL 22
4 1654 PSL 22
5 1834 PSL 22
6 1637 PSL 22
7 421 PSL 22
8 985 PSL 22
9 798 PSL 22
10 886 PSL 22
11 567 PSL 22
12 869 PSL 22
13 428 PSL 22
14 322 PSL 22
15 373 PSL 22
16 353 PSL 22
17 369 PSL 22
18 304 PSL 22
19 257 PSL 22
20 305 PSL 22
21 597 PSL 22
22 891 PSL 22
1 17086 PSL 23
2 5314 PSL 23
3 3016 PSL 23
4 1462 PSL 23
5 2848 PSL 23
6 1856 PSL 23
7 1127 PSL 23
8 859 PSL 23
9 845 PSL 23
10 1370 PSL 23
11 1235 PSL 23
12 944 PSL 23
13 1249 PSL 23
14 675 PSL 23
15 208 PSL 23
16 229 PSL 23
17 322 PSL 23
18 356 PSL 23
19 432 PSL 23
20 654 PSL 23
21 152 PSL 23
22 205 PSL 23
23 452 PSL 23
24 276 PSL 23
25 521 PSL 23
26 159 PSL 23
27 177 PSL 23
28 363 PSL 23
29 365 PSL 23
30 1111 PSL 23
1 13439 PSL 24
2 6510 PSL 24
3 3607 PSL 24
4 3860 PSL 24
5 4242 PSL 24
6 1631 PSL 24
7 1395 PSL 24
8 717 PSL 24
9 1174 PSL 24
10 1538 PSL 24
11 662 PSL 24
12 848 PSL 24
13 848 PSL 24
14 974 PSL 24
15 593 PSL 24
16 418 PSL 24
17 430 PSL 24
18 244 PSL 24
19 449 PSL 24
20 1043 PSL 24
21 329 PSL 24
22 223 PSL 24
23 248 PSL 24
24 314 PSL 24
25 444 PSL 24
26 147 PSL 24
27 194 PSL 24
28 2045 PSL 24
1 7463 PSL 25
2 5310 PSL 25
3 2774 PSL 25
4 1199 PSL 25
5 1057 PSL 25
6 1400 PSL 25
7 1227 PSL 25
8 646 PSL 25
9 1022 PSL 25
10 1035 PSL 25
11 830 PSL 25
12 991 PSL 25
13 992 PSL 25
14 228 PSL 25
15 374 PSL 25
16 644 PSL 25
17 571 PSL 25
18 237 PSL 25
19 336 PSL 25
20 545 PSL 25
21 447 PSL 25
22 211 PSL 25
23 226 PSL 25
24 1438 PSL 25
1 19272 PSL 26
2 1653 PSL 26
3 1545 PSL 26
4 909 PSL 26
5 1469 PSL 26
6 992 PSL 26
7 1256 PSL 26
8 1350 PSL 26
9 1381 PSL 26
10 969 PSL 26
11 1344 PSL 26
12 956 PSL 26
13 838 PSL 26
14 1114 PSL 26
15 436 PSL 26
16 548 PSL 26
17 245 PSL 26
18 968 PSL 26
19 260 PSL 26
20 465 PSL 26
21 555 PSL 26
22 119 PSL 26
23 359 PSL 26
24 475 PSL 26
25 232 PSL 26
26 394 PSL 26
27 1038 PSL 26
28 4990 PSL 26
1 10108 PSL 27
2 2827 PSL 27
3 2556 PSL 27
4 1704 PSL 27
5 1165 PSL 27
6 1032 PSL 27
7 949 PSL 27
8 576 PSL 27
9 808 PSL 27
10 1281 PSL 27
11 581 PSL 27
12 446 PSL 27
13 519 PSL 27
14 144 PSL 27
15 316 PSL 27
16 754 PSL 27
17 488 PSL 27
18 1498 PSL 27
1 9763 PSL 28
2 3894 PSL 28
3 2419 PSL 28
4 372 PSL 28
5 1585 PSL 28
6 1312 PSL 28
7 866 PSL 28
8 480 PSL 28
9 758 PSL 28
10 499 PSL 28
11 402 PSL 28
12 508 PSL 28
13 675 PSL 28
14 1171 PSL 28
1 8254 PSL 29
2 3216 PSL 29
3 645 PSL 29
4 721 PSL 29
5 1673 PSL 29
6 522 PSL 29
7 699 PSL 29
8 739 PSL 29
9 434 PSL 29
10 312 PSL 29
11 290 PSL 29
12 284 PSL 29
13 301 PSL 29
14 316 PSL 29
15 404 PSL 29
16 115 PSL 29
17 231 PSL 29
18 1252 PSL 29
1 5985 PSL 30
2 1379 PSL 30
3 1473 PSL 30
4 1611 PSL 30
5 952 PSL 30
6 591 PSL 30
7 752 PSL 30
8 970 PSL 30
9 279 PSL 30
10 976 PSL 30
11 262 PSL 30
12 296 PSL 30
13 460 PSL 30
14 522 PSL 30
15 287 PSL 30
16 272 PSL 30
17 399 PSL 30
18 1350 PSL 30
1 7575 PSL 31
2 2444 PSL 31
3 2151 PSL 31
4 604 PSL 31
5 540 PSL 31
6 474 PSL 31
7 634 PSL 31
8 1259 PSL 31
9 644 PSL 31
10 374 PSL 31
11 228 PSL 31
12 288 PSL 31
13 313 PSL 31
14 437 PSL 31
15 152 PSL 31
16 709 PSL 31
17 264 PSL 31
18 98 PSL 31
19 210 PSL 31
20 458 PSL 31
1 5496 PSL 32
2 1324 PSL 32
3 1629 PSL 32
4 1212 PSL 32
5 736 PSL 32
6 309 PSL 32
7 701 PSL 32
8 240 PSL 32
9 304 PSL 32
10 572 PSL 32
11 601 PSL 32
12 164 PSL 32
13 467 PSL 32
14 167 PSL 32
15 156 PSL 32
16 223 PSL 32
17 265 PSL 32
18 1697 PSL 32
1 12745 PSL 33
2 1646 PSL 33
3 2400 PSL 33
4 3281 PSL 33
5 2994 PSL 33
6 2820 PSL 33
7 3335 PSL 33
8 1832 PSL 33
9 1483 PSL 33
10 1930 PSL 33
11 1618 PSL 33
12 812 PSL 33
13 662 PSL 33
14 390 PSL 33
15 788 PSL 33
16 333 PSL 33
17 455 PSL 33
18 534 PSL 33
19 316 PSL 33
20 1481 PSL 33
21 1149 PSL 33
22 218 PSL 33
23 419 PSL 33
24 224 PSL 33
25 2078 PSL 33
26 185 PSL 33
27 201 PSL 33
28 289 PSL 33
29 463 PSL 33
30 166 PSL 33
31 330 PSL 33
32 8712 PSL 33
1 9028 PSL 34
2 3530 PSL 34
3 1201 PSL 34
4 1279 PSL 34
5 1866 PSL 34
6 1080 PSL 34
7 938 PSL 34
8 841 PSL 34
9 461 PSL 34
10 1258 PSL 34
11 379 PSL 34
12 787 PSL 34
13 1369 PSL 34
14 925 PSL 34
15 853 PSL 34
16 1524 PSL 34
1 19528 PSL 35
2 1767 PSL 35
3 2669 PSL 35
4 2624 PSL 35
5 2822 PSL 35
6 1194 PSL 35
7 934 PSL 35
8 648 PSL 35
9 399 PSL 35
10 1755 PSL 35
11 495 PSL 35
12 1348 PSL 35
13 648 PSL 35
14 657 PSL 35
15 656 PSL 35
16 443 PSL 35
17 232 PSL 35
18 756 PSL 35
19 515 PSL 35
20 3668 PSL 35
1 21214 PSL 36
2 4498 PSL 36
3 4050 PSL 36
4 2294 PSL 36
5 3335 PSL 36
6 894 PSL 36
7 3904 PSL 36
8 834 PSL 36
9 1788 PSL 36
10 515 PSL 36
11 1051 PSL 36
12 407 PSL 36
13 1285 PSL 36
14 405 PSL 36
15 909 PSL 36
16 448 PSL 36
17 427 PSL 36
18 350 PSL 36
19 365 PSL 36
20 1084 PSL 36
21 1907 PSL 36
22 671 PSL 36
23 983 PSL 36
24 5141 PSL 36
1 9833 PSL 37
2 6937 PSL 37
3 2666 PSL 37
4 1462 PSL 37
5 1663 PSL 37
6 861 PSL 37
7 1444 PSL 37
8 1035 PSL 37
9 2289 PSL 37
10 811 PSL 37
11 1278 PSL 37
12 538 PSL 37
13 415 PSL 37
14 723 PSL 37
15 547 PSL 37
16 649 PSL 37
17 458 PSL 37
18 1011 PSL 37
1 13585 PSL 38
2 5675 PSL 38
3 4209 PSL 38
4 1546 PSL 38
5 2414 PSL 38
6 1898 PSL 38
7 1526 PSL 38
8 2155 PSL 38
9 1672 PSL 38
10 2057 PSL 38
11 794 PSL 38
12 2042 PSL 38
13 1040 PSL 38
14 1224 PSL 38
15 1738 PSL 38
16 1782 PSL 38
17 1018 PSL 38
18 1996 PSL 38
1 13408 PSL 39
2 977 PSL 39
3 2467 PSL 39
4 2474 PSL 39
5 1762 PSL 39
6 1300 PSL 39
7 675 PSL 39
8 664 PSL 39
9 556 PSL 39
10 697 PSL 39
11 777 PSL 39
12 985 PSL 39
13 677 PSL 39
14 372 PSL 39
15 624 PSL 39
16 1170 PSL 39
17 509 PSL 39
18 475 PSL 39
19 607 PSL 39
20 699 PSL 39
1 6712 PSL 40
2 3605 PSL 40
3 1972 PSL 40
4 1571 PSL 40
5 1384 PSL 40
6 1512 PSL 40
7 1302 PSL 40
8 846 PSL 40
9 1177 PSL 40
10 1080 PSL 40
11 1224 PSL 40
12 698 PSL 40
13 463 PSL 40
14 673 PSL 40
15 294 PSL 40
16 1119 PSL 40
1 12622 PSL 41
2 2679 PSL 41
3 2566 PSL 41
4 2393 PSL 41
5 1145 PSL 41
6 1350 PSL 41
7 689 PSL 41
8 1017 PSL 41
9 1146 PSL 41
10 673 PSL 41
11 430 PSL 41
12 502 PSL 41
13 891 PSL 41
14 755 PSL 41
15 648 PSL 41
16 543 PSL 41
17 792 PSL 41
18 317 PSL 41
19 313 PSL 41
20 479 PSL 41
21 587 PSL 41
22 196 PSL 41
23 512 PSL 41
24 1562 PSL 41
1 35064 KO 1
2 15761 KO 1
3 14714 KO 1
4 8081 KO 1
5 9671 KO 1
6 2226 KO 1
7 5003 KO 1
8 1875 KO 1
9 3843 KO 1
10 2118 KO 1
11 843 KO 1
12 889 KO 1
13 785 KO 1
14 630 KO 1
15 853 KO 1
16 551 KO 1
17 1128 KO 1
18 327 KO 1
19 404 KO 1
20 433 KO 1
21 548 KO 1
22 737 KO 1
23 831 KO 1
24 876 KO 1
1 45395 KO 2
2 11987 KO 2
3 15399 KO 2
4 1182 KO 2
5 4137 KO 2
6 2085 KO 2
7 1677 KO 2
8 744 KO 2
9 1322 KO 2
10 2219 KO 2
11 916 KO 2
12 445 KO 2
13 645 KO 2
14 1614 KO 2
15 320 KO 2
16 725 KO 2
1 66859 KO 3
2 28676 KO 3
3 30196 KO 3
4 14844 KO 3
5 10342 KO 3
6 10804 KO 3
7 13814 KO 3
8 5501 KO 3
9 2398 KO 3
10 5980 KO 3
11 1568 KO 3
12 1336 KO 3
13 3576 KO 3
14 2231 KO 3
15 1512 KO 3
16 1011 KO 3
17 726 KO 3
18 1421 KO 3
19 407 KO 3
20 318 KO 3
21 2611 KO 3
22 231 KO 3
23 2772 KO 3
24 347 KO 3
25 812 KO 3
26 665 KO 3
27 573 KO 3
28 3098 KO 3
1 39984 KO 4
2 35762 KO 4
3 9325 KO 4
4 6378 KO 4
5 14407 KO 4
6 4559 KO 4
7 8388 KO 4
8 1581 KO 4
9 4125 KO 4
10 615 KO 4
11 473 KO 4
12 603 KO 4
13 2076 KO 4
14 1503 KO 4
15 277 KO 4
16 1469 KO 4
17 387 KO 4
18 391 KO 4
19 393 KO 4
20 650 KO 4
21 844 KO 4
22 539 KO 4
23 341 KO 4
24 7774 KO 4
1 26044 KO 5
2 32439 KO 5
3 10865 KO 5
4 11845 KO 5
5 10366 KO 5
6 4144 KO 5
7 2559 KO 5
8 3896 KO 5
9 1040 KO 5
10 851 KO 5
11 1102 KO 5
12 763 KO 5
13 544 KO 5
14 914 KO 5
15 1307 KO 5
16 500 KO 5
17 1378 KO 5
18 1156 KO 5
19 532 KO 5
20 1107 KO 5
21 361 KO 5
22 231 KO 5
23 292 KO 5
24 1307 KO 5
1 57577 KO 6
2 8408 KO 6
3 15062 KO 6
4 4123 KO 6
5 2746 KO 6
6 3008 KO 6
7 2814 KO 6
8 2926 KO 6
9 482 KO 6
10 383 KO 6
11 1687 KO 6
12 258 KO 6
13 1006 KO 6
14 1163 KO 6
15 663 KO 6
16 484 KO 6
17 303 KO 6
18 888 KO 6
19 203 KO 6
20 471 KO 6
21 318 KO 6
22 162 KO 6
23 390 KO 6
24 239 KO 6
25 138 KO 6
26 205 KO 6
27 611 KO 6
28 456 KO 6
29 206 KO 6
30 1805 KO 6
1 21483 KO 7
2 6621 KO 7
3 2807 KO 7
4 15452 KO 7
5 1843 KO 7
6 4811 KO 7
7 1792 KO 7
8 489 KO 7
9 522 KO 7
10 273 KO 7
11 863 KO 7
12 231 KO 7
13 147 KO 7
14 138 KO 7
15 252 KO 7
16 142 KO 7
17 489 KO 7
18 197 KO 7
19 140 KO 7
20 117 KO 7
21 101 KO 7
22 101 KO 7
23 136 KO 7
24 254 KO 7
1 23870 KO 8
2 29580 KO 8
3 16089 KO 8
4 11619 KO 8
5 6872 KO 8
6 6767 KO 8
7 6141 KO 8
8 6873 KO 8
9 4292 KO 8
10 1948 KO 8
11 4391 KO 8
12 1322 KO 8
13 4131 KO 8
14 1327 KO 8
15 1048 KO 8
16 837 KO 8
17 802 KO 8
18 837 KO 8
19 738 KO 8
20 1773 KO 8
21 400 KO 8
22 1557 KO 8
23 907 KO 8
24 2834 KO 8
1 47648 KO 9
2 25663 KO 9
3 17254 KO 9
4 13421 KO 9
5 13253 KO 9
6 4038 KO 9
7 2488 KO 9
8 3718 KO 9
9 1410 KO 9
10 772 KO 9
11 1486 KO 9
12 1668 KO 9
13 584 KO 9
14 808 KO 9
15 621 KO 9
16 686 KO 9
17 2188 KO 9
18 459 KO 9
19 803 KO 9
20 9862 KO 9
1 16357 KO 10
2 11790 KO 10
3 7303 KO 10
4 5879 KO 10
5 2380 KO 10
6 1137 KO 10
7 1163 KO 10
8 676 KO 10
9 223 KO 10
10 223 KO 10
11 254 KO 10
12 738 KO 10
13 463 KO 10
14 646 KO 10
15 311 KO 10
16 212 KO 10
17 272 KO 10
18 4133 KO 10
1 44217 KO 11
2 11999 KO 11
3 10535 KO 11
4 5742 KO 11
5 4741 KO 11
6 1202 KO 11
7 966 KO 11
8 904 KO 11
9 451 KO 11
10 1682 KO 11
11 728 KO 11
12 491 KO 11
13 494 KO 11
14 620 KO 11
15 1056 KO 11
16 877 KO 11
17 748 KO 11
18 837 KO 11
19 237 KO 11
20 303 KO 11
21 455 KO 11
22 282 KO 11
23 202 KO 11
24 4499 KO 11
1 22013 KO 12
2 18597 KO 12
3 9820 KO 12
4 4811 KO 12
5 4541 KO 12
6 1925 KO 12
7 1695 KO 12
8 303 KO 12
9 1589 KO 12
10 1232 KO 12
11 895 KO 12
12 643 KO 12
13 1726 KO 12
14 1087 KO 12
15 369 KO 12
16 1623 KO 12
1 76720 KO 13
2 9539 KO 13
3 15987 KO 13
4 14673 KO 13
5 6113 KO 13
6 18203 KO 13
7 13930 KO 13
8 17465 KO 13
9 2650 KO 13
10 2435 KO 13
11 1955 KO 13
12 463 KO 13
13 1101 KO 13
14 998 KO 13
15 326 KO 13
16 483 KO 13
17 385 KO 13
18 195 KO 13
19 822 KO 13
20 418 KO 13
21 470 KO 13
22 680 KO 13
23 565 KO 13
24 1329 KO 13
25 304 KO 13
26 463 KO 13
27 1005 KO 13
28 8253 KO 13
1 21968 KO 14
2 12502 KO 14
3 1168 KO 14
4 4667 KO 14
5 3261 KO 14
6 1091 KO 14
7 542 KO 14
8 504 KO 14
9 561 KO 14
10 2284 KO 14
11 134 KO 14
12 122 KO 14
13 203 KO 14
14 99 KO 14
15 222 KO 14
16 132 KO 14
17 157 KO 14
18 245 KO 14
19 269 KO 14
20 1052 KO 14
1 20120 KO 15
2 10019 KO 15
3 2879 KO 15
4 3989 KO 15
5 1448 KO 15
6 409 KO 15
7 590 KO 15
8 498 KO 15
9 1132 KO 15
10 431 KO 15
11 290 KO 15
12 3449 KO 15
13 282 KO 15
14 895 KO 15
15 160 KO 15
16 266 KO 15
17 292 KO 15
18 1448 KO 15
1 30013 KO 16
2 10905 KO 16
3 4751 KO 16
4 3508 KO 16
5 2295 KO 16
6 872 KO 16
7 1072 KO 16
8 1910 KO 16
9 856 KO 16
10 699 KO 16
11 251 KO 16
12 431 KO 16
13 460 KO 16
14 434 KO 16
15 344 KO 16
16 490 KO 16
17 477 KO 16
18 2200 KO 16
19 161 KO 16
20 300 KO 16
1 19320 KO 17
2 6910 KO 17
3 6938 KO 17
4 1286 KO 17
5 11996 KO 17
6 1583 KO 17
7 1614 KO 17
8 272 KO 17
9 269 KO 17
10 550 KO 17
11 484 KO 17
12 837 KO 17
13 473 KO 17
14 260 KO 17
15 579 KO 17
16 226 KO 17
17 195 KO 17
18 3657 KO 17
1 34793 KO 18
2 11043 KO 18
3 1803 KO 18
4 3088 KO 18
5 1586 KO 18
6 2605 KO 18
7 1831 KO 18
8 477 KO 18
9 334 KO 18
10 372 KO 18
11 475 KO 18
12 618 KO 18
13 774 KO 18
14 351 KO 18
15 272 KO 18
16 320 KO 18
17 277 KO 18
18 205 KO 18
19 382 KO 18
20 344 KO 18
21 192 KO 18
22 334 KO 18
23 281 KO 18
24 367 KO 18
1 416030 KO 19
2 28205 KO 19
3 25061 KO 19
4 5347 KO 19
5 3768 KO 19
6 8780 KO 19
7 13747 KO 19
8 2347 KO 19
9 7536 KO 19
10 3891 KO 19
11 4742 KO 19
12 4443 KO 19
13 6434 KO 19
14 1520 KO 19
15 4577 KO 19
16 1289 KO 19
17 1296 KO 19
18 2573 KO 19
19 2917 KO 19
20 1372 KO 19
21 2800 KO 19
22 1034 KO 19
23 519 KO 19
24 2515 KO 19
25 1740 KO 19
26 1672 KO 19
27 779 KO 19
28 447 KO 19
29 794 KO 19
30 1088 KO 19
31 558 KO 19
32 643 KO 19
33 1016 KO 19
34 1314 KO 19
35 1334 KO 19
36 2561 KO 19
37 649 KO 19
38 611 KO 19
39 2900 KO 19
40 10228 KO 19
1 64255 KO 20
2 12248 KO 20
3 35912 KO 20
4 15804 KO 20
5 2019 KO 20
6 3097 KO 20
7 4933 KO 20
8 2461 KO 20
9 1740 KO 20
10 2280 KO 20
11 1346 KO 20
12 1023 KO 20
13 1885 KO 20
14 3157 KO 20
15 954 KO 20
16 1231 KO 20
17 864 KO 20
18 330 KO 20
19 1935 KO 20
20 324 KO 20
21 1290 KO 20
22 1806 KO 20
23 1432 KO 20
24 8960 KO 20
1 40022 KO 21
2 17026 KO 21
3 5661 KO 21
4 6436 KO 21
5 4500 KO 21
6 8820 KO 21
7 5997 KO 21
8 2900 KO 21
9 2006 KO 21
10 2384 KO 21
11 1885 KO 21
12 765 KO 21
13 963 KO 21
14 755 KO 21
15 277 KO 21
16 186 KO 21
17 293 KO 21
18 297 KO 21
19 847 KO 21
20 373 KO 21
21 644 KO 21
22 1470 KO 21
23 1619 KO 21
24 2444 KO 21
1 18623 KO 22
2 10555 KO 22
3 9090 KO 22
4 3230 KO 22
5 1821 KO 22
6 2403 KO 22
7 4458 KO 22
8 1144 KO 22
9 806 KO 22
10 1747 KO 22
11 315 KO 22
12 4352 KO 22
13 666 KO 22
14 286 KO 22
15 328 KO 22
16 264 KO 22
17 300 KO 22
18 217 KO 22
19 508 KO 22
20 261 KO 22
21 172 KO 22
22 700 KO 22
1 23312 KO 23
2 14305 KO 23
3 16903 KO 23
4 4978 KO 23
5 2174 KO 23
6 2469 KO 23
7 2443 KO 23
8 4593 KO 23
9 2212 KO 23
10 1500 KO 23
11 858 KO 23
12 1071 KO 23
13 979 KO 23
14 455 KO 23
15 701 KO 23
16 323 KO 23
17 1117 KO 23
18 394 KO 23
19 183 KO 23
20 194 KO 23
21 70 KO 23
22 173 KO 23
23 190 KO 23
24 122 KO 23
25 165 KO 23
26 243 KO 23
27 322 KO 23
28 416 KO 23
29 232 KO 23
30 1606 KO 23
1 17185 KO 24
2 37273 KO 24
3 11312 KO 24
4 6104 KO 24
5 14083 KO 24
6 5780 KO 24
7 781 KO 24
8 1744 KO 24
9 422 KO 24
10 334 KO 24
11 1562 KO 24
12 1160 KO 24
13 488 KO 24
14 815 KO 24
15 427 KO 24
16 357 KO 24
17 603 KO 24
18 288 KO 24
19 324 KO 24
20 217 KO 24
21 206 KO 24
22 154 KO 24
23 256 KO 24
24 253 KO 24
25 181 KO 24
26 130 KO 24
27 260 KO 24
28 6828 KO 24
1 25202 KO 25
2 61805 KO 25
3 39103 KO 25
4 41795 KO 25
5 13557 KO 25
6 3887 KO 25
7 5491 KO 25
8 4460 KO 25
9 443 KO 25
10 2540 KO 25
11 1505 KO 25
12 888 KO 25
13 1180 KO 25
14 2127 KO 25
15 2790 KO 25
16 965 KO 25
17 1602 KO 25
18 1081 KO 25
19 1094 KO 25
20 794 KO 25
21 715 KO 25
22 1080 KO 25
23 424 KO 25
24 3956 KO 25
1 88833 KO 26
2 12627 KO 26
3 13286 KO 26
4 14508 KO 26
5 7815 KO 26
6 9385 KO 26
7 1807 KO 26
8 4160 KO 26
9 9275 KO 26
10 3074 KO 26
11 7113 KO 26
12 1050 KO 26
13 2364 KO 26
14 2255 KO 26
15 3874 KO 26
16 1201 KO 26
17 2014 KO 26
18 3598 KO 26
19 896 KO 26
20 1181 KO 26
21 766 KO 26
22 778 KO 26
23 3817 KO 26
24 2260 KO 26
25 955 KO 26
26 639 KO 26
27 6212 KO 26
28 2465 KO 26
1 46849 KO 27
2 17914 KO 27
3 10039 KO 27
4 8443 KO 27
5 3878 KO 27
6 3153 KO 27
7 3959 KO 27
8 1508 KO 27
9 490 KO 27
10 1034 KO 27
11 714 KO 27
12 738 KO 27
13 422 KO 27
14 439 KO 27
15 217 KO 27
16 279 KO 27
17 532 KO 27
18 5268 KO 27
1 36266 KO 28
2 10023 KO 28
3 3443 KO 28
4 2506 KO 28
5 3030 KO 28
6 1018 KO 28
7 365 KO 28
8 555 KO 28
9 404 KO 28
10 824 KO 28
11 333 KO 28
12 302 KO 28
13 283 KO 28
14 5022 KO 28
1 35129 KO 29
2 24372 KO 29
3 12120 KO 29
4 7521 KO 29
5 7808 KO 29
6 7837 KO 29
7 3186 KO 29
8 875 KO 29
9 2302 KO 29
10 473 KO 29
11 1710 KO 29
12 1751 KO 29
13 1118 KO 29
14 697 KO 29
15 420 KO 29
16 949 KO 29
17 1314 KO 29
18 1496 KO 29
1 33962 KO 30
2 18799 KO 30
3 11838 KO 30
4 5532 KO 30
5 3106 KO 30
6 4928 KO 30
7 754 KO 30
8 822 KO 30
9 580 KO 30
10 5263 KO 30
11 1191 KO 30
12 713 KO 30
13 295 KO 30
14 780 KO 30
15 316 KO 30
16 487 KO 30
17 160 KO 30
18 2967 KO 30
1 99550 KO 31
2 11549 KO 31
3 7232 KO 31
4 13918 KO 31
5 7604 KO 31
6 3081 KO 31
7 9304 KO 31
8 4108 KO 31
9 962 KO 31
10 6643 KO 31
11 617 KO 31
12 300 KO 31
13 2386 KO 31
14 1220 KO 31
15 538 KO 31
16 442 KO 31
17 433 KO 31
18 1688 KO 31
19 381 KO 31
20 367 KO 31
21 587 KO 31
22 523 KO 31
23 250 KO 31
24 1000 KO 31
1 18738 KO 32
2 39656 KO 32
3 15421 KO 32
4 12749 KO 32
5 3335 KO 32
6 960 KO 32
7 1020 KO 32
8 402 KO 32
9 643 KO 32
10 520 KO 32
11 100 KO 32
12 606 KO 32
13 1310 KO 32
14 572 KO 32
15 270 KO 32
16 446 KO 32
17 216 KO 32
18 2535 KO 32
1 35009 KO 33
2 9864 KO 33
3 15532 KO 33
4 6488 KO 33
5 6600 KO 33
6 5274 KO 33
7 2874 KO 33
8 1692 KO 33
9 1113 KO 33
10 821 KO 33
11 1492 KO 33
12 411 KO 33
13 641 KO 33
14 732 KO 33
15 586 KO 33
16 466 KO 33
17 290 KO 33
18 139 KO 33
19 130 KO 33
20 207 KO 33
21 615 KO 33
22 184 KO 33
23 126 KO 33
24 167 KO 33
25 243 KO 33
26 182 KO 33
27 150 KO 33
28 243 KO 33
29 346 KO 33
30 174 KO 33
31 414 KO 33
32 1675 KO 33
1 24266 KO 34
2 7303 KO 34
3 11590 KO 34
4 7862 KO 34
5 2269 KO 34
6 3298 KO 34
7 1393 KO 34
8 1205 KO 34
9 2035 KO 34
10 2489 KO 34
11 891 KO 34
12 273 KO 34
13 733 KO 34
14 498 KO 34
15 862 KO 34
16 4353 KO 34
1 26402 KO 35
2 10982 KO 35
3 4447 KO 35
4 19415 KO 35
5 7391 KO 35
6 983 KO 35
7 2077 KO 35
8 1892 KO 35
9 1909 KO 35
10 637 KO 35
11 970 KO 35
12 659 KO 35
13 821 KO 35
14 913 KO 35
15 981 KO 35
16 731 KO 35
17 1019 KO 35
18 3307 KO 35
19 577 KO 35
20 1667 KO 35
1 36120 KO 36
2 17767 KO 36
3 10689 KO 36
4 12886 KO 36
5 1905 KO 36
6 5886 KO 36
7 4190 KO 36
8 1989 KO 36
9 549 KO 36
10 2116 KO 36
11 3104 KO 36
12 2638 KO 36
13 3499 KO 36
14 688 KO 36
15 240 KO 36
16 1695 KO 36
17 546 KO 36
18 785 KO 36
19 825 KO 36
20 1239 KO 36
21 339 KO 36
22 573 KO 36
23 1200 KO 36
24 2021 KO 36
1 23693 KO 37
2 5113 KO 37
3 16813 KO 37
4 5700 KO 37
5 4571 KO 37
6 1740 KO 37
7 1840 KO 37
8 2185 KO 37
9 980 KO 37
10 779 KO 37
11 1044 KO 37
12 1260 KO 37
13 711 KO 37
14 625 KO 37
15 140 KO 37
16 950 KO 37
17 568 KO 37
18 3583 KO 37
1 30783 KO 38
2 39344 KO 38
3 3375 KO 38
4 6654 KO 38
5 7764 KO 38
6 5707 KO 38
7 335 KO 38
8 3610 KO 38
9 692 KO 38
10 2561 KO 38
11 765 KO 38
12 906 KO 38
13 825 KO 38
14 427 KO 38
15 744 KO 38
16 955 KO 38
17 151 KO 38
18 1212 KO 38
1 67822 KO 39
2 17933 KO 39
3 51951 KO 39
4 19704 KO 39
5 3694 KO 39
6 12657 KO 39
7 3112 KO 39
8 4907 KO 39
9 1427 KO 39
10 6981 KO 39
11 1995 KO 39
12 2276 KO 39
13 3983 KO 39
14 866 KO 39
15 863 KO 39
16 5620 KO 39
17 811 KO 39
18 479 KO 39
19 1333 KO 39
20 25060 KO 39
1 18771 KO 40
2 10121 KO 40
3 11572 KO 40
4 7062 KO 40
5 8244 KO 40
6 1523 KO 40
7 2960 KO 40
8 8439 KO 40
9 3879 KO 40
10 1661 KO 40
11 333 KO 40
12 224 KO 40
13 686 KO 40
14 1140 KO 40
15 904 KO 40
16 10280 KO 40
1 78513 KO 41
2 30047 KO 41
3 5640 KO 41
4 5668 KO 41
5 14224 KO 41
6 11766 KO 41
7 3905 KO 41
8 1955 KO 41
9 644 KO 41
10 976 KO 41
11 2191 KO 41
12 1179 KO 41
13 2340 KO 41
14 1662 KO 41
15 864 KO 41
16 657 KO 41
17 788 KO 41
18 311 KO 41
19 1223 KO 41
20 804 KO 41
21 407 KO 41
22 643 KO 41
23 571 KO 41
24 1044 KO 41
